|Max Apple|Mean Apple|Max Step|Mean Step|Max Fitness|Mean Fitness
Generation 1|2|0.054|100|6.87|2149.988999664993|37.071486301598924
Generation 2|1|0.086|23|7.11|513.8967170165362|50.93562647616703
Generation 3|2|0.114|100|7.98|2149.988999664993|77.18105263795235
Generation 4|2|0.078|100|7.96|2149.986294709256|54.60491777926142
Generation 5|2|0.118|100|9.454|2149.913226044195|78.17537928316467
Generation 6|2|0.132|150|10.274|2149.988999664993|78.87219405566374
Generation 7|2|0.166|150|11.66|2149.988999664993|112.74540945133332
Generation 8|2|0.174|150|14.472|2149.475941242983|106.79790760382235
Generation 9|3|0.182|200|16.37|5012.820007417454|119.5373687159231
Generation 10|2|0.174|200|20.272|2149.739062976162|113.21339152286617
Generation 11|2|0.138|150|16.938|2149.475941242983|88.82462925361472
Generation 12|2|0.12|150|16.926|2149.739062976162|84.42446221356103
Generation 13|2|0.234|150|29.844|2149.313421433475|144.94435368140824
Generation 14|3|0.19|200|24.426|5002.87038813432|126.81434507194352
Generation 15|2|0.178|150|24.854|2149.1313553086493|114.73879041578816
Generation 16|2|0.21|200|25.058|2148.4748409618246|133.7775599201829
Generation 17|2|0.224|200|29.674|2149.6181160598485|149.59581813995578
Generation 18|2|0.19|200|24.94|2149.475941242983|118.81674435146752
Generation 19|3|0.256|200|32.722|5026.256363523016|165.8531271972861
Generation 20|2|0.238|200|29.566|2149.739062976162|160.3781973225482
Generation 21|3|0.232|200|23.524|5013.96180892374|164.4359136562546
Generation 22|3|0.314|200|30.148|5019.2877281163765|234.8467285390863
Generation 23|2|0.3|200|25.886|2149.964098556101|204.26708314505342
Generation 24|3|0.314|200|27.238|4991.636817222043|216.04312603901997
Generation 25|4|0.296|200|27.052|9192.68633409604|212.6321569761753
Generation 26|3|0.29|250|26.09|4472.966894755274|197.5649204449082
Generation 27|5|0.298|150|24.128|14469.241065683293|210.73803655139287
Generation 28|3|0.238|200|22.75|4972.746513369417|172.41588044101755
Generation 29|3|0.242|200|20.568|5015.079034242259|160.6839809423633
Generation 30|2|0.228|200|21.954|2149.9540739565236|154.89464728037657
Generation 31|3|0.22|250|22.056|5022.147118486193|153.66588038967032
Generation 32|3|0.24|200|22.518|4991.636817222043|175.94840864657314
Generation 33|3|0.274|200|22.002|5023.896182881493|208.08355534135427
Generation 34|4|0.282|200|22.574|9152.058471905439|221.7291592936966
Generation 35|3|0.252|200|26.096|5008.019294011269|188.5602738841863
Generation 36|3|0.292|250|31.414|5024.719635813122|224.43399279940195
Generation 37|3|0.31|200|27.492|5010.465200741229|228.22476720042363
Generation 38|3|0.314|250|27.178|5023.038198361497|224.3872931975101
Generation 39|3|0.298|250|32.402|5016.170998995946|232.31895082838494
Generation 40|3|0.29|200|29.916|5012.820007417454|210.81024231114986
Generation 41|3|0.258|200|22.766|5016.170998995946|201.33076183269824
Generation 42|2|0.31|200|26.052|2149.8377997990897|210.18716628773592
Generation 43|2|0.296|200|21.288|2149.988999664993|208.5822586418025
Generation 44|4|0.33|300|29.044|8059.9752149014275|231.7569941968082
Generation 45|4|0.286|200|33.966|9117.483225305838|213.78559898166495
Generation 46|3|0.342|200|39.974|5021.224242470099|264.44135109000445
Generation 47|3|0.3|200|29.24|5008.019294011269|204.38577416181957
Generation 48|3|0.336|200|42.156|4998.797540520454|246.95006452916522
Generation 49|4|0.41|200|28.0|9137.840909256109|309.85066023516924
Generation 50|3|0.384|250|34.608|5011.6542707371345|311.655965072358
Generation 51|5|0.354|250|38.452|14613.600480669787|303.47324870546134
Generation 52|3|0.336|200|30.868|5019.2877281163765|256.9315507448752
Generation 53|3|0.29|200|25.514|5021.224242470099|223.00677486277618
Generation 54|4|0.338|200|30.844|9087.188574973703|288.8484212892283
Generation 55|3|0.402|200|33.882|5020.270752177687|310.47268340392634
Generation 56|4|0.34|250|28.148|9165.258404742544|286.21932662830034
Generation 57|3|0.394|200|24.728|5011.6542707371345|316.9181065458105
Generation 58|3|0.362|200|25.162|5017.2369705907395|283.2097387962602
Generation 59|3|0.33|200|28.474|4953.574500304492|261.81561648953715
Generation 60|4|0.388|300|30.36|9177.295955565198|343.6156298585521
Generation 61|4|0.42|200|30.41|9184.57636729794|347.80225426128357
Generation 62|4|0.372|300|36.232|9140.276263629541|341.36082716082524
Generation 63|4|0.42|250|42.362|9019.822949816014|369.8282411545023
Generation 64|4|0.342|200|40.528|9182.817455976632|301.630560023423
Generation 65|3|0.422|200|44.406|5025.506959415782|344.67961022800773
Generation 66|4|0.42|200|45.304|9130.385131428657|364.08900339111034
Generation 67|3|0.45|250|44.74|5017.2369705907395|386.0062770366646
Generation 68|4|0.432|200|54.686|9130.385131428657|360.64973894078935
Generation 69|2|0.456|200|52.096|2149.9540739565236|357.66076759980984
Generation 70|6|0.488|250|47.422|21113.304200963878|453.73924426877477
Generation 71|3|0.466|200|53.868|5013.96180892374|392.3872568152642
Generation 72|3|0.42|200|48.344|5016.170998995946|336.337036384853
Generation 73|3|0.396|200|40.054|5015.079034242259|309.56215457031294
Generation 74|4|0.448|150|43.7|9023.06019957524|413.7240071804351
Generation 75|3|0.384|200|42.296|5009.253363800625|319.446799511511
Generation 76|5|0.428|200|40.946|14317.048969582076|399.0469852895092
Generation 77|4|0.406|200|47.848|9098.49267033552|380.077685584114
Generation 78|4|0.446|250|43.634|9117.483225305838|397.15684290041276
Generation 79|4|0.482|200|39.552|9154.332481055757|414.0623757628837
Generation 80|4|0.54|200|33.752|9142.685946958687|465.5581999109712
Generation 81|4|0.452|200|34.26|9057.604428430363|385.3454426419227
Generation 82|4|0.376|300|35.806|9140.276263629541|339.65206711934576
Generation 83|4|0.45|250|35.81|9145.069500149822|421.18953058896034
Generation 84|4|0.384|200|32.236|9120.109479625953|342.4218713980274
Generation 85|5|0.476|250|34.912|14347.00404474261|444.2552816193775
Generation 86|4|0.476|300|41.396|9140.276263629541|471.7603255663985
Generation 87|5|0.524|250|43.572|14423.763556063996|525.5485182848505
Generation 88|4|0.51|250|40.128|9140.276263629541|493.1306025268727
Generation 89|4|0.554|250|40.858|9160.97945753794|587.4015546178762
Generation 90|7|0.61|250|42.512|29225.054078248253|689.813244776316
Generation 91|5|0.6|200|41.112|14580.766782771341|555.1488735432815
Generation 92|5|0.678|250|41.476|14576.969279361287|741.0924041771516
Generation 93|6|0.566|400|45.622|18578.087267153573|649.9144739866182
Generation 94|5|0.57|300|45.862|14525.15387780646|659.5680563966783
Generation 95|5|0.59|250|37.68|14478.08784515197|650.8769803815486
Generation 96|7|0.672|250|48.306|29640.4691435147|877.2658563832149
Generation 97|6|0.714|300|48.526|21194.553769037786|918.3964602850945
Generation 98|5|0.728|350|61.856|14478.08784515197|809.5683193394351
Generation 99|6|0.706|250|51.846|21182.30466879404|918.8227879375976
Generation 100|7|0.832|250|60.904|28980.419771663233|1077.4867062458536
Generation 101|7|0.822|350|64.598|29713.32820052496|1188.0165973206415
Generation 102|7|0.79|300|64.074|28954.06156724563|1064.4151650074964
Generation 103|7|0.822|300|70.57|28873.885364412552|1182.1641752126352
Generation 104|7|0.96|350|80.416|29520.384337564796|1420.9115657566756
Generation 105|8|1.09|400|77.624|38793.12264737479|1901.6281641012506
Generation 106|9|0.994|350|89.9|49421.82064438338|1560.8604143065527
Generation 107|8|0.988|450|83.486|38590.766022591924|1477.0932427047385
Generation 108|8|0.908|350|72.394|38549.06408295986|1373.2181117019866
Generation 109|10|0.996|350|84.486|62227.58693842927|1514.735527172215
Generation 110|6|0.81|350|83.182|21305.968545999494|1093.9374214235258
Generation 111|9|1.156|550|89.198|43102.388651957845|1999.78584036669
Generation 112|8|0.932|350|84.424|38975.046061768066|1451.013792412681
Generation 113|10|1.106|500|84.974|60995.55666636658|2004.4189376231654
Generation 114|9|1.124|400|88.278|49095.25435389617|2135.0183770600756
Generation 115|9|1.218|450|87.484|50047.29177539764|2305.2411377501226
Generation 116|10|1.21|450|86.162|61529.19631454092|2528.4163305442676
Generation 117|10|1.308|450|89.9|60945.812105926874|2762.4280726256798
Generation 118|11|1.364|550|94.398|77431.34611639062|2819.2348909851557
Generation 119|10|1.314|550|102.4|61497.58734731706|2690.3515060669465
Generation 120|10|1.366|550|107.932|61481.74623758396|2831.8866198695173
Generation 121|10|1.646|550|116.384|62213.0239347392|4122.71812048202
Generation 122|11|1.638|550|121.42|75892.21715818287|4053.598951306196
Generation 123|10|1.648|550|122.378|62213.0239347392|4066.8307967216138
Generation 124|10|1.52|550|108.268|62889.36492536375|4049.412374932419
Generation 125|12|1.554|550|110.718|92287.77049566721|4078.1825928240632
Generation 126|10|1.684|550|108.71|62636.583071738416|4430.209082319485
Generation 127|10|1.602|550|106.946|62183.810429968165|4104.299616612916
Generation 128|11|1.854|550|112.712|76357.4297608616|5358.6517785718725
Generation 129|10|1.748|550|113.854|62021.0919186776|4521.841813519999
Generation 130|11|1.856|550|106.874|75409.32267755333|5594.499581586813
Generation 131|10|1.642|550|103.424|62771.231606039364|4402.747904627791
Generation 132|9|1.602|550|109.648|50013.43787040474|3899.9939876937638
Generation 133|10|1.92|550|116.178|62650.203027803414|5317.123287220293
Generation 134|11|1.85|550|124.498|77034.74294477531|4875.785412163275
Generation 135|11|1.668|550|107.234|76514.05980067582|4093.9737547260625
Generation 136|12|2.012|550|129.094|94662.9058216891|5348.739350111302
Generation 137|10|1.922|550|106.744|62863.371273695935|5964.452379706983
Generation 138|10|1.772|550|99.33|62314.344296722425|4801.961755083529
Generation 139|11|1.796|550|108.408|75873.96193186592|5107.282217701387
Generation 140|13|1.968|550|103.194|113779.67379910262|5798.757147689435
Generation 141|13|2.362|550|115.454|113096.81420485907|7704.283621127642
Generation 142|11|2.556|550|129.622|77211.9782354305|8407.002590719108
Generation 143|12|2.594|550|129.436|94344.25417273933|8181.391228177503
Generation 144|11|2.478|550|110.754|76985.69414172442|8641.324034567628
Generation 145|13|2.582|550|133.042|113934.87977636784|8690.328580989359
Generation 146|11|2.902|550|130.978|77034.74294477531|9898.706426142942
Generation 147|12|2.416|550|131.836|93651.70615114043|7921.030266071543
Generation 148|12|2.06|550|116.188|92645.96699520816|6147.313382120986
Generation 149|11|2.322|550|124.982|76548.54507834904|7016.454579577887
Generation 150|11|2.11|550|103.986|76357.4297608616|6189.538911608927
Generation 151|11|2.258|550|117.284|77131.93232186139|7158.0013313223
Generation 152|11|2.456|600|123.568|77338.20915721005|7966.1603550945665
Generation 153|14|2.516|550|118.098|140199.01299687073|7997.554769420635
Generation 154|13|2.582|600|127.794|113555.18467925652|8434.415298849892
Generation 155|11|2.81|550|133.07|77164.05510154457|9247.22524902292
Generation 156|12|2.562|550|118.338|92116.56177095987|8491.765834354886
Generation 157|13|2.476|550|125.064|113555.18467925652|7996.325869457044
Generation 158|13|2.562|550|128.846|113690.26405123861|8469.608602471997
Generation 159|12|2.318|550|116.112|93574.05407231426|7278.54578684324
Generation 160|12|2.564|550|121.35|93786.3423749423|8406.659293200992
Generation 161|13|2.582|550|133.894|112047.3353196996|8309.912969972247
Generation 162|11|2.308|600|122.756|77643.28287011676|7074.093052155277
Generation 163|11|2.46|550|124.91|76786.56380805568|8187.687121679228
Generation 164|13|2.244|550|116.172|113509.90420358293|6793.910392629175
Generation 165|12|2.13|550|112.82|92625.1130773161|6179.943166620596
Generation 166|11|2.112|550|105.564|77180.06445070007|6421.903817552142
Generation 167|11|2.196|550|116.004|77538.27927696548|6851.853556984907
Generation 168|10|2.258|550|112.206|62690.85838738821|7151.666780693306
Generation 169|12|2.624|550|126.24|94253.51683534576|8986.137541416667
Generation 170|13|2.458|550|119.304|114747.76834673717|8531.089729205485
Generation 171|11|2.724|550|122.476|77672.91837603682|9679.02293806861
Generation 172|13|3.002|550|127.716|115053.77024774432|11563.801089541064
Generation 173|14|2.996|550|132.134|140053.37396236276|11166.190144522849
Generation 174|11|2.694|550|122.28|77275.38136552175|9366.314001506615
Generation 175|13|2.588|550|119.976|114622.90966339827|8498.101970573225
Generation 176|12|3.02|650|130.888|93824.51166321486|11320.887141546153
Generation 177|12|3.22|550|135.026|93436.93546551603|12486.269806158953
Generation 178|12|3.446|550|133.462|93824.51166321486|13670.893102121803
Generation 179|13|3.524|550|148.606|114454.33203023227|13909.56971709858
Generation 180|13|3.406|550|137.678|113667.83078973064|13303.93834990567
Generation 181|12|3.118|550|128.264|94087.8719272014|11993.92716554793
Generation 182|11|3.054|550|145.086|76886.7084000099|11078.685390767481
Generation 183|13|3.052|550|129.352|113281.63173842212|11630.505449752278
Generation 184|12|2.9|550|109.522|93824.51166321486|11012.727101828124
Generation 185|14|2.902|550|134.336|138450.45523255717|10777.053688785314
Generation 186|12|3.072|550|130.702|92770.50951476587|10842.973643653922
Generation 187|12|2.948|550|127.246|93097.6388530463|11108.090612582855
Generation 188|12|2.99|550|119.978|93456.61834092015|10602.070669555735
Generation 189|13|2.932|550|116.612|114993.2903315635|11203.978095053093
Generation 190|13|3.11|550|125.3|113577.77753805637|11377.537192794274
Generation 191|13|3.158|550|123.916|114768.44425099483|11670.848276435192
Generation 192|11|3.212|550|139.256|77462.09093440416|11750.85270548781
Generation 193|12|3.256|550|121.35|94834.21619293741|12625.535348101064
Generation 194|13|3.402|550|124.924|113667.83078973064|13636.675245902896
Generation 195|14|3.106|550|117.14|140510.00111895124|12979.768669030811
Generation 196|13|3.786|550|130.758|114175.45117243569|16368.570121898192
Generation 197|13|3.774|550|142.108|114850.75951387433|16263.981232961785
Generation 198|14|3.558|600|131.754|138237.9661299774|15037.472741758069
Generation 199|13|3.296|600|122.916|113690.26405123861|13485.379206739384
Generation 200|14|3.46|550|129.506|138582.29038592955|13960.678287614759
Generation 201|13|3.1|550|120.598|115213.22749201779|11503.410414306507
Generation 202|15|2.978|550|110.854|177053.14089974118|11245.798550486723
Generation 203|13|3.46|550|132.242|114153.75220748082|14768.107251415257
Generation 204|15|3.276|550|128.576|176928.5488330902|13296.885470585532
Generation 205|13|3.792|550|142.8|114304.91151094667|15624.090042155329
Generation 206|14|3.584|550|141.024|139881.82915710422|13984.526735410358
Generation 207|12|3.572|600|132.854|93318.186725694|14301.432295242805
Generation 208|14|3.808|600|147.886|140077.7376287941|16707.244514636302
Generation 209|14|3.43|600|145.924|137479.69889378358|13725.113710731679
Generation 210|16|3.49|650|144.658|229261.53998026543|13608.146408093577
Generation 211|15|3.514|550|141.578|176928.5488330902|14384.469287181693
Generation 212|13|3.25|600|128.14|113577.77753805637|12567.024566462533
Generation 213|12|3.382|700|128.336|94032.01099292623|13181.126325360246
Generation 214|13|3.042|600|117.74|115013.49109664344|11118.872320578248
Generation 215|14|3.008|550|126.464|140004.5389951188|10819.72923253921
Generation 216|15|3.048|550|123.256|175920.02913920814|11462.969810563922
Generation 217|17|3.368|600|142.964|317606.0075629497|13612.479195661905
Generation 218|15|3.062|650|134.828|175434.1642809555|11678.501343921389
Generation 219|13|3.676|600|144.046|114601.96745178086|15785.976018768997
Generation 220|14|3.094|600|126.07|140367.25572820523|12816.861231803283
Generation 221|15|3.512|600|131.272|176158.2958081046|14878.232702905401
Generation 222|15|3.51|600|142.518|174312.8249493845|14876.72440366072
Generation 223|14|3.676|700|146.788|140438.79918258317|16471.287004774997
Generation 224|14|3.686|600|138.302|140604.3993613764|15863.657203461873
Generation 225|14|4.198|600|144.346|140343.3326442222|20174.808073678858
Generation 226|14|3.728|600|150.45|140768.09200664764|16469.361329880496
Generation 227|16|3.696|600|135.766|230983.59481808543|17196.74059239749
Generation 228|16|3.758|650|126.992|229699.94083099786|17361.04858661516
Generation 229|15|3.758|750|136.136|175759.43445497687|17126.1029655148
Generation 230|17|4.142|700|158.006|317980.11219602794|19766.100711573057
Generation 231|14|4.364|700|138.386|140199.01299687073|21466.31506353946
Generation 232|15|4.124|700|151.634|173258.544665126|20229.774146444848
Generation 233|18|4.482|600|155.122|472581.69090937026|23585.13322259115
Generation 234|19|4.062|650|153.634|752966.2374823716|20674.238643316003
Generation 235|16|3.46|600|142.562|225794.82690493835|15207.850267189822
Generation 236|18|3.398|650|132.778|471892.98074320477|16254.983084492134
Generation 237|16|3.394|700|143.998|231090.53326846848|15064.484610873884
Generation 238|17|3.692|650|154.026|315678.51534256013|17119.108544607425
Generation 239|16|3.328|650|151.764|230157.1985620408|13687.997853105226
Generation 240|16|3.124|600|138.41|229496.4956841684|12967.09957743591
Generation 241|15|3.516|600|155.722|175732.53489367286|16476.358074356664
Generation 242|15|3.138|600|153.488|176599.44202710254|13837.487890228847
Generation 243|15|3.7|650|156.328|176701.48624453731|17182.332129510953
Generation 244|16|3.446|650|148.916|229612.99785814938|15804.659940652777
Generation 245|19|3.992|750|157.278|760142.4412486246|21408.5578574569
Generation 246|16|3.846|750|157.326|228388.89100594682|18413.092842372473
Generation 247|15|3.768|600|144.334|176131.97973084886|17990.925891832223
Generation 248|20|3.944|700|157.728|1308505.7371472167|22117.12682305091
Generation 249|17|3.822|700|156.054|315779.83651104016|19110.044292683273
Generation 250|17|3.844|800|150.248|314190.49371075927|19219.827774424422
Generation 251|19|3.564|900|137.16|757904.4017515706|18506.4765445304
Generation 252|19|4.078|900|150.402|758795.3448378985|22028.948273851358
Generation 253|18|4.236|650|153.372|467184.9211278607|23027.918865431497
Generation 254|18|4.292|800|148.048|469199.4077182435|24877.116598349498
Generation 255|19|4.632|600|147.284|753616.4513651335|29489.32922854479
Generation 256|19|4.438|750|158.756|757271.5528257806|25697.569414117126
Generation 257|19|4.528|800|165.008|758909.8643045744|26575.520857096813
Generation 258|23|3.896|800|154.532|8734155.723596442|39511.86137926176
Generation 259|19|3.952|900|139.074|761770.4591375255|26802.160094911538
Generation 260|17|4.01|850|141.958|317161.55096439447|23883.490792337656
Generation 261|21|4.228|1000|146.544|2379869.175008138|30937.549635907675
Generation 262|20|4.278|750|142.268|1308548.1886380722|26704.41338084437
Generation 263|20|4.792|950|166.768|1305883.8964518346|35063.96672591734
Generation 264|19|4.552|850|157.886|757668.3102034556|32574.05566822207
Generation 265|22|4.76|800|171.864|4509641.864326547|46681.42007041344
Generation 266|20|4.672|800|165.266|1304521.1356472783|38261.61595111253
Generation 267|20|5.01|900|171.748|1307474.3323027657|41488.078075048805
Generation 268|22|4.756|800|180.438|4513969.000572469|45979.063482428755
Generation 269|22|4.826|1000|182.204|4507218.849277531|57528.77041858575
Generation 270|21|4.798|800|182.298|2384161.0349818645|34107.708149092185
Generation 271|21|5.182|900|184.494|2387043.0208836286|47859.70460422631
Generation 272|21|4.44|800|171.704|2381593.4197881077|34887.84861733667
Generation 273|17|3.994|800|155.874|315338.3663763807|21209.49345269475
Generation 274|19|3.772|750|147.542|758294.5477368493|22631.533348321667
Generation 275|19|4.632|750|165.382|757747.1725072769|33550.175510874855
Generation 276|21|4.434|1000|165.054|2386028.83597657|35764.47427711891
Generation 277|20|4.062|1100|149.376|1265535.7106403667|29078.2459056242
Generation 278|21|4.054|950|165.296|2383176.4463067153|31987.594309246753
Generation 279|21|4.35|1050|159.306|2381981.087097629|37390.60825511856
Generation 280|22|4.604|900|153.524|4507637.474135968|44166.735081227984
Generation 281|20|4.83|950|163.474|1308378.127340299|40517.327599056174
Generation 282|24|4.952|1000|175.682|17154623.90126368|102233.3276534207
Generation 283|20|4.268|900|170.14|1310774.346108944|33355.19163516732
Generation 284|21|4.272|1000|166.672|2382029.372456491|30821.65468437136
Generation 285|19|4.33|950|162.676|754173.8654908375|30337.482511657632
Generation 286|20|4.524|950|163.94|1304887.742383574|33367.609247760076
Generation 287|25|5.128|900|164.15|33968906.3121551|105643.6435009564
Generation 288|22|5.252|1000|175.668|4509692.4414225|44798.556244754705
Generation 289|20|4.556|850|156.22|1305433.3104122877|30397.119108163
Generation 290|20|4.774|950|167.138|1307777.6186074866|35454.60934354073
Generation 291|25|4.28|850|166.462|33966504.01761173|115884.80749535817
Generation 292|20|4.204|900|163.87|1306861.845675203|30547.667602401983
Generation 293|22|4.716|950|181.308|4509944.696568733|57850.63742177115
Generation 294|25|4.654|950|165.716|33963714.63306906|115581.59290196512
Generation 295|19|3.864|800|155.6|760756.9733327501|24785.481970407473
Generation 296|22|4.316|950|166.362|4512790.71852476|46507.981822235684
Generation 297|22|4.312|1000|166.962|4507533.0506102005|40811.135167247645
Generation 298|22|4.562|950|152.8|4510396.082852928|56140.22986566998
Generation 299|20|4.344|1100|174.2|1265535.7106403667|31498.7899900637
Generation 300|22|3.968|1000|151.62|4510346.099965052|40844.14644505808
Generation 301|19|3.744|900|136.292|752220.4400037029|23903.884344669746
Generation 302|24|4.084|900|144.894|17154565.725207612|67084.27342956307
Generation 303|21|4.184|900|152.6|2383412.519905635|31823.421277889942
Generation 304|25|4.444|1000|163.374|33970368.386049494|110244.05654950293
Generation 305|23|4.696|900|158.316|8736822.118363468|67181.09622439313
Generation 306|25|4.664|850|175.136|33958746.03164369|118879.36986397339
Generation 307|24|5.226|1000|186.704|17157027.45546837|108626.70445910435
Generation 308|25|4.526|1000|164.87|33962255.49781618|121234.09766904851
Generation 309|24|5.05|800|171.312|17155203.28056862|106013.45931510926
Generation 310|24|4.686|1100|161.644|17152383.57415585|88215.18415368334
Generation 311|24|4.536|850|158.78|17154565.725207612|71575.65722194505
Generation 312|24|4.512|1100|153.684|17152024.400955234|80526.46667622474
Generation 313|21|4.78|1100|167.258|2385894.7176587726|55715.13200349113
Generation 314|22|4.494|800|165.12|4510346.099965052|45190.58735116448
Generation 315|24|4.842|800|154.492|17158088.230989743|131232.63914444728
Generation 316|24|5.464|1000|179.71|17157476.1768572|116121.49966830334
Generation 317|23|5.042|1100|173.094|8733609.433549918|73813.95491039242
Generation 318|23|5.12|1050|166.698|8734859.564319396|74910.28427594632
Generation 319|25|4.99|1250|168.462|33962063.56764599|129905.59964989054
Generation 320|22|5.292|900|161.352|4508980.583367004|52408.52701747989
Generation 321|21|5.086|1050|172.42|2381642.012151285|55748.21938063569
Generation 322|22|5.43|1150|180.108|4514154.633195259|74947.9091105054
Generation 323|23|5.506|950|169.202|8735768.897829972|96735.92631797204
Generation 324|24|5.224|1000|161.518|17153922.966401227|84300.41414057327
Generation 325|23|5.184|1050|174.462|8733664.250809282|94894.62375824663
Generation 326|23|5.34|1050|180.84|8727987.365690751|86499.6681871952
Generation 327|24|6.006|1050|180.048|17150998.943354793|113872.37879320991
Generation 328|23|5.662|1000|162.21|8733444.732658822|72926.48500615054
Generation 329|27|5.92|1150|169.136|134698808.07025588|420960.612261124
Generation 330|22|5.172|950|157.37|4509082.772273734|70309.35315436091
Generation 331|24|4.978|1050|162.842|17156121.139841408|95714.24710805829
Generation 332|27|5.354|1150|174.454|134696752.5382372|350614.16291725705
Generation 333|23|5.842|1000|177.238|8733609.433549918|105399.7096374492
Generation 334|24|5.366|950|173.782|17153864.279072747|114070.69018303877
Generation 335|23|5.54|1000|187.16|8734859.564319396|69943.09381494611
Generation 336|24|5.162|950|156.832|17160370.36255634|108257.93434109837
Generation 337|23|5.206|950|166.016|8731665.139709113|63582.50699418551
Generation 338|24|4.88|1150|153.392|17156007.03187|93755.92170881607
Generation 339|22|5.874|950|186.0|4506001.697859423|64019.63718655283
Generation 340|22|5.36|1000|166.784|4514752.233948183|76783.00618292177
Generation 341|21|4.802|1000|149.504|2385984.175979073|70039.95022308346
Generation 342|20|5.02|1050|159.756|1308164.598984107|49870.23226398531
Generation 343|27|5.492|1000|176.904|134699647.7244115|426787.0985227127
Generation 344|29|4.982|1000|157.692|537435321.6400344|1159761.2790990637
Generation 345|26|5.286|1000|192.096|67553622.5903273|286334.3948026336
Generation 346|24|5.138|950|184.752|17150938.26754908|155486.3136077417
Generation 347|24|5.374|1000|166.772|17157587.887442045|123243.0119491956
Generation 348|23|5.562|1100|176.81|8734427.286839735|108071.61289879853
Generation 349|23|5.588|1000|176.988|8731157.30260227|102376.56531852759
Generation 350|23|6.062|1050|178.4|8737290.039084308|110436.03550268483
Generation 351|24|5.14|1300|154.95|17157252.19053058|129659.77922302848
Generation 352|24|4.858|1100|139.78|17154914.133967046|95346.05492764062
Generation 353|27|5.606|1450|164.894|134615124.53768325|370323.4886121832
Generation 354|24|5.144|1000|165.95|17159186.025798064|134020.2311764571
Generation 355|23|4.614|850|170.384|8739322.163956145|72218.77827856544
Generation 356|24|5.378|1000|179.998|17154972.0504747|125900.23816054258
Generation 357|24|5.128|1100|177.568|17149161.91166153|108319.37979332503
Generation 358|24|4.434|900|154.574|17155778.277508765|127082.84735905245
Generation 359|24|5.072|950|159.926|17150998.943354793|149563.48772061727
Generation 360|23|4.86|1100|148.442|8738619.973500218|75167.36237699229
Generation 361|25|4.884|1000|166.564|33968491.39425092|142680.0586941878
Generation 362|19|4.754|800|161.616|758757.0833487863|39187.323763632536
Generation 363|24|4.714|1000|152.856|17159942.58018347|122307.3799339043
Generation 364|25|5.04|1300|156.654|33968253.23532608|160018.58026444702
Generation 365|24|5.05|1050|158.214|17156348.814109642|99780.15737405216
Generation 366|25|4.886|1250|165.736|33960254.78706477|147596.858820929
Generation 367|25|5.106|1250|143.81|33972360.98788229|273459.0731573935
Generation 368|22|5.816|1100|165.576|4510843.980573138|99548.78908331669
Generation 369|22|4.722|1000|145.786|4512599.375842875|64402.09885304229
Generation 370|26|4.718|1050|138.608|67555917.53622553|297877.05297831784
Generation 371|25|4.966|1150|156.27|33970426.21232658|197943.1185910169
Generation 372|26|5.804|1050|158.702|67555917.53622553|320534.0713832343
Generation 373|27|4.952|1000|152.108|134703745.1743491|374484.2322487386
Generation 374|21|5.048|1100|141.488|2386384.4415295827|70548.79676234532
Generation 375|25|5.452|1050|159.096|33967353.36308523|167724.2714134077
Generation 376|25|5.494|950|176.032|33967111.61500628|133112.1014959705
Generation 377|27|5.9|1050|187.28|134700273.1701087|574525.3700063896
Generation 378|25|5.538|1050|187.92|33969670.49685446|238559.7344120499
Generation 379|25|5.228|950|170.08|33973084.10568475|262996.7782788998
Generation 380|25|5.118|1000|154.982|33963840.468946345|177402.6533292392
Generation 381|22|4.526|1200|158.752|4457367.579361187|63874.83518184145
Generation 382|24|4.764|1000|152.626|17157643.671770312|110199.8215247204
Generation 383|21|4.634|1050|161.204|2385625.2438266557|55068.70929003894
Generation 384|21|4.088|700|139.342|2388785.592006173|37036.56799937202
Generation 385|23|3.82|950|135.874|8731496.211353958|77316.86161382265
Generation 386|25|4.78|1050|163.774|33964091.63142908|167508.55435295892
Generation 387|25|4.202|1050|149.31|33967954.46023425|134115.7211798598
Generation 388|26|4.398|1000|152.606|67554547.17737964|289119.28683819255
Generation 389|25|4.742|1000|143.704|33966198.50891447|177674.69472385937
Generation 390|28|4.616|1100|145.63|268943765.45834607|868210.4679537889
Generation 391|27|4.31|1200|145.954|134694223.78249213|581576.4352056666
Generation 392|26|4.99|1150|156.106|67554809.74111696|271034.8743067732
Generation 393|30|4.318|1050|143.786|1074345436.6400554|2281209.879366733
Generation 394|23|5.384|1050|161.57|8726629.278451594|102699.60668528774
Generation 395|25|4.674|1000|157.108|33965460.70741449|224779.09047030026
Generation 396|29|4.944|1250|172.106|537432693.3058534|1180347.239523559
Generation 397|27|5.058|1250|171.92|134698385.82154673|674417.9126575928
Generation 398|28|5.058|1050|168.654|268961653.347769|754276.1346292425
Generation 399|25|5.678|1050|171.268|33967594.36570982|236799.2684752343
Generation 400|24|4.806|1100|156.106|17149223.69720508|126176.96919640662
Generation 401|25|5.128|750|153.438|33963966.1352421|186247.8571335981
Generation 402|24|5.594|1050|164.974|17152622.21390383|158689.8334618002
Generation 403|24|5.55|950|166.31|17160317.07291032|177957.57569455373
Generation 404|23|5.622|1200|169.752|8735662.580221472|152762.36056351583
Generation 405|26|6.014|1200|169.05|67558784.26994804|469379.76278460224
Generation 406|27|5.868|1050|167.94|134704411.01269466|520934.47774064087
Generation 407|26|5.782|950|146.936|67556562.95045476|515812.93713073863
Generation 408|30|5.558|1100|160.118|1074333837.330776|2329121.187196683
Generation 409|25|6.426|1000|179.594|33968491.39425092|278268.45983035816
Generation 410|26|6.14|1400|186.678|67477227.56716962|485820.9543992473
Generation 411|27|6.352|1100|189.464|134699438.4207602|438024.47919181414
Generation 412|26|6.692|1100|176.266|67554085.96925858|404476.7979988004
Generation 413|25|5.828|1100|172.61|33968728.78154773|209566.0314354387
Generation 414|26|6.7|1050|184.646|67558155.70213822|470662.13612531533
Generation 415|27|6.656|1200|185.002|134699158.71518525|639574.7248523241
Generation 416|31|6.426|1100|170.098|2148116569.82433|4819312.758500218
Generation 417|27|6.4|1050|171.708|134703006.96566603|1183861.9688915864
Generation 418|27|7.052|1200|191.18|134697180.83016115|1057008.2075111466
Generation 419|30|6.83|1200|173.942|1074339751.163985|4642081.415266153
Generation 420|29|6.604|1250|186.248|537441567.7045561|2232180.5506162886
Generation 421|29|5.75|950|162.53|537435765.8569659|1613506.9778375023
Generation 422|31|5.774|1250|174.064|2148118914.316298|5311635.035276062
Generation 423|33|6.046|1300|180.8|8590672351.537535|18230315.556604546
Generation 424|29|6.484|1400|196.098|537421435.0954245|2814569.1594320736
Generation 425|28|6.194|1400|195.21|268953515.25906545|1199990.7187325298
Generation 426|27|6.758|1300|207.194|134707470.55351612|1692399.7429630002
Generation 427|29|6.408|1300|182.742|537426939.5263736|3399436.674373324
Generation 428|26|6.078|1350|170.544|67561909.97673391|880904.9416330705
Generation 429|32|6.612|1100|168.674|4295655437.059515|9887981.755721785
Generation 430|28|6.606|1500|210.282|268958272.98584247|2682116.8478924762
Generation 431|26|6.674|1250|167.612|67562861.58761019|1333804.6856966217
Generation 432|26|6.794|1300|195.41|67560333.5686675|1356957.8052191492
Generation 433|29|6.15|1400|190.266|537434502.3502978|3038526.760864374
Generation 434|27|6.204|1400|187.928|134705334.59601834|2305114.7224846897
Generation 435|30|6.264|1550|191.58|1074347719.8419998|6612622.084625422
Generation 436|30|6.712|1400|170.88|1074348186.6673641|7244732.832782915
Generation 437|29|6.34|1250|162.158|537430159.3527548|3697357.5567884054
Generation 438|30|6.066|1500|170.036|1074339916.8739781|4691722.784868452
Generation 439|31|6.264|1400|162.436|2148130334.0570226|7632807.466846298
Generation 440|28|6.266|1400|153.668|268959200.124446|2971588.591695591
Generation 441|28|6.774|1500|173.136|268958487.68850607|5036522.396719446
Generation 442|32|7.172|1500|174.33|4295655969.819678|22589918.608310644
Generation 443|33|6.378|1450|167.254|8590662242.105467|22120169.428169936
Generation 444|29|6.262|1300|163.124|537433072.584314|4014711.982572949
Generation 445|29|6.12|1400|159.25|537431009.8534276|3656955.8359722337
Generation 446|31|6.904|1400|187.242|2148132152.5878973|21547455.342428595
Generation 447|34|7.316|1350|187.966|17180650665.872585|73432644.55083326
Generation 448|31|7.124|1450|199.956|2148131906.134525|17494805.301981773
Generation 449|32|7.142|1300|182.974|4295663812.823241|16488898.813293891
Generation 450|34|7.71|1400|216.29|17180650956.579517|53891296.01964236
Generation 451|30|7.672|1500|203.354|1074343433.6787689|7893673.431586641
Generation 452|33|7.46|1400|195.854|8590670983.970007|53789182.38928984
Generation 453|33|7.504|1350|203.222|8590674513.662306|69802804.15913045
Generation 454|32|7.604|1400|205.988|4295661704.055245|26084031.38525975
Generation 455|30|7.212|1250|208.964|1074344399.0254896|7955857.358305811
Generation 456|33|6.688|1400|197.386|8590658841.612242|23501167.09694557
Generation 457|30|6.14|1400|183.886|1074346465.5902505|4912152.871943929
Generation 458|32|5.99|1350|172.644|4295650102.26799|10559902.583724428
Generation 459|30|6.306|1400|197.144|1074348651.5446687|9594126.742372196
Generation 460|30|6.796|1500|200.712|1074339169.7165875|7694782.329055149
Generation 461|31|6.46|1400|193.576|2148132644.0264506|14934036.387359867
Generation 462|32|6.004|1300|176.792|4295639043.6232605|17289199.550015
Generation 463|31|6.702|1250|210.712|2148136581.8865128|12939489.65222118
Generation 464|31|5.556|1250|190.848|2148127898.1674232|6005842.322135233
Generation 465|29|5.11|1250|169.11|537430004.098263|1977142.1006128672
Generation 466|31|6.13|1450|173.064|2148122637.845896|8150732.549657309
Generation 467|34|6.836|1300|184.488|17180652690.615402|40118560.92040812
Generation 468|36|6.704|1400|212.738|68720339106.67773|144817539.55398086
Generation 469|31|8.082|1200|220.582|2148125592.095883|11593542.183595594
Generation 470|30|7.268|1500|199.538|1074344559.2158127|10508163.228806792
Generation 471|32|7.002|1450|196.564|4295657644.562182|24669561.04983964
Generation 472|31|7.878|1450|226.738|2148130167.4625087|19350411.90942508
Generation 473|37|7.886|1500|223.692|137439872307.6159|334254774.1285468
Generation 474|39|7.552|1400|214.884|549756857697.9806|1106081177.9664528
Generation 475|30|7.568|1450|215.354|1074348883.2468822|9632679.29084753
Generation 476|34|7.57|1350|214.596|17180654406.854683|45615661.68673732
Generation 477|34|7.73|1450|205.5|17180644953.1065|65267512.23279334
Generation 478|34|8.098|1400|206.73|17180639278.036007|66957596.97804409
Generation 479|33|7.196|1450|198.024|8590673436.64863|30166060.80612512
Generation 480|33|7.678|1150|218.804|8590665299.522186|40487775.75588747
Generation 481|36|7.334|1250|219.01|68720357540.49205|165941398.01468018
Generation 482|35|7.93|1400|216.314|34360573972.41163|102765461.88820545
Generation 483|35|8.402|1400|239.946|34360580226.89957|98751994.98699883
Generation 484|33|8.176|1500|243.94|8590663490.237082|27536546.386498414
Generation 485|32|8.452|1400|243.714|4295648996.577556|24846155.977542214
Generation 486|34|6.9|1550|199.184|17180653646.30614|51039128.30445752
Generation 487|32|8.066|1500|242.59|4295652020.693798|27544586.503487654
Generation 488|31|6.866|1400|197.024|2148119003.896068|12396396.504171679
Generation 489|31|7.552|1350|209.282|2148132725.7415795|17211864.74097761
Generation 490|32|7.754|1300|219.398|4295658779.449272|24648624.548487075
Generation 491|33|7.314|1350|207.758|8590660791.84292|54368128.77785687
Generation 492|35|8.05|1400|215.428|34360559053.68727|109466857.22816624
Generation 493|34|7.938|1500|213.008|17180652402.833878|70895785.51992933
Generation 494|36|8.37|1500|217.112|68720358381.49352|201275131.8649155
Generation 495|33|8.624|1250|219.448|8590671349.8562|46340075.77641434
Generation 496|34|8.164|1400|214.36|17180653264.693604|50734464.66604237
Generation 497|31|9.236|1450|247.34|2148133944.8344893|27332646.20218623
Generation 498|34|7.936|1350|214.862|17180655163.80194|69486323.53322779
Generation 499|37|9.47|1400|227.746|137439888816.43915|336210181.46251595
Generation 500|34|9.068|1150|220.23|17180655446.720577|72210822.95002379
Generation 501|32|7.598|1350|188.268|4295662805.129739|35039514.23499944
Generation 502|36|7.58|1450|188.836|68720364064.34059|283444793.16355586
Generation 503|32|8.32|1150|204.542|4295646765.04216|29825904.87262685
Generation 504|29|7.288|1250|183.292|537436355.1760031|9314651.80265725
Generation 505|31|7.446|1250|210.708|2148130417.275502|14433008.817880306
Generation 506|34|7.544|1250|205.354|17180653169.15188|119852084.61414258
Generation 507|32|8.392|1500|223.874|4295661021.691501|33534348.31644975
Generation 508|31|7.618|1300|219.39|2148132889.007109|23418719.906205565
Generation 509|32|8.002|1250|217.81|4295657029.750328|25500911.575834394
Generation 510|32|8.128|1400|194.536|4295653917.610082|30788481.051531732
Generation 511|34|8.762|1500|211.068|17180656198.650536|97091317.35433637
Generation 512|32|7.51|1350|219.134|4295669118.859125|30075509.743140366
Generation 513|33|7.832|1150|235.36|8590670249.603565|40125338.479641855
Generation 514|32|7.7|1350|228.206|4295654902.456004|21409566.714625172
Generation 515|34|8.086|1500|221.05|17180635968.59114|99751068.78697315
Generation 516|35|8.3|1250|219.554|34360573382.29263|116382293.05171007
Generation 517|35|8.504|1500|225.52|34360562627.67815|104063166.8822157
Generation 518|35|8.794|1450|243.132|34360562836.1066|129841935.5970856
Generation 519|32|7.948|1600|224.386|4295657994.719392|33120710.850161064
Generation 520|31|7.608|1500|215.01|2148129750.0607014|15472438.550118968
Generation 521|33|7.944|1400|218.478|8590668863.45629|54709299.46365152
Generation 522|33|8.36|1400|210.764|8590678391.054388|54608487.65864766
Generation 523|34|8.564|1350|232.018|17180653646.30614|124295758.74982788
Generation 524|37|7.71|1400|206.592|137439893734.04123|358047525.62515336
Generation 525|35|7.84|1550|201.774|34360576021.17283|253000270.90486863
Generation 526|36|7.634|1250|190.486|68720363962.6013|338775457.00444275
Generation 527|35|7.458|1450|190.464|34360559582.87078|141975583.54888755
Generation 528|37|7.954|1300|205.394|137439875883.6539|393579488.29850376
Generation 529|34|7.732|1100|170.892|17180652977.902637|132114281.12978475
Generation 530|36|7.712|1300|199.416|68720361709.27477|204686035.9580274
Generation 531|33|8.062|1400|213.756|8590674870.842901|57369313.341875896
Generation 532|34|8.24|1350|197.264|17180651343.437332|104555488.22036208
Generation 533|35|8.79|1300|201.218|34360572096.57749|203867261.78705359
Generation 534|37|8.848|1400|224.848|137439890003.84964|320928492.8906761
Generation 535|34|8.662|1350|209.24|17180642640.6324|88298574.97964431
Generation 536|33|8.564|1500|195.298|8590673346.530054|68615118.81141931
Generation 537|34|8.876|1600|196.372|17180656104.86067|116520429.16122751
Generation 538|36|8.244|1550|175.052|68720360986.34433|176206927.86823222
Generation 539|34|7.996|1600|173.72|17180654027.028114|99226427.07787238
Generation 540|33|8.72|1500|197.742|8590675404.885202|87279036.43830054
Generation 541|31|8.412|1450|208.218|2148136186.400834|26123941.24211361
Generation 542|38|8.274|1550|188.948|274878870764.7756|1149504431.4761164
Generation 543|38|8.804|1600|219.46|274878896088.2716|761667477.8882923
Generation 544|35|8.378|1500|190.548|34360573283.73649|298567036.7180339
Generation 545|39|8.096|1400|195.376|549756820537.4294|1513317054.1604922
Generation 546|38|9.374|1450|224.542|274878861986.58545|999392660.7283152
Generation 547|37|8.68|1350|211.748|137439880874.78613|677593142.5223117
Generation 548|33|7.822|1450|216.628|8590663968.093262|58339253.01610641
Generation 549|33|8.248|1550|202.246|8590669511.809391|49537379.860218935
Generation 550|34|8.344|1650|193.916|17180646347.838497|113064170.3325958
Generation 551|35|8.484|1550|197.21|34360572195.821976|266751143.7282591
Generation 552|37|8.524|1500|220.664|137439892569.67438|635375434.7189709
Generation 553|41|8.448|1700|222.758|2199024425099.2827|5352356635.06296
Generation 554|35|7.212|1550|193.718|34360555638.22788|183799875.2045307
Generation 555|38|7.956|1350|209.61|274878883728.02057|1272585655.9612484
Generation 556|43|7.554|1550|186.914|8796094279064.912|19291035954.11773
Generation 557|38|7.846|1650|183.906|274878887724.17004|1038835668.9642742
Generation 558|36|7.338|1550|189.216|68720357118.65749|249995312.465165
Generation 559|38|8.354|1350|213.21|274878901307.9837|733290196.1481056
Generation 560|38|7.448|1500|211.096|274878900869.04034|1158051339.6615047
Generation 561|34|8.172|1400|227.75|17180650859.730766|180966527.7152276
Generation 562|38|8.232|1500|242.53|274878893371.9471|971787362.6464914
Generation 563|37|8.312|1550|223.172|137439878958.39114|494500870.3615987
Generation 564|37|8.394|1550|239.514|137439881994.882|637420807.4107548
Generation 565|36|9.038|1400|250.108|68720327023.39905|589907251.586523
Generation 566|36|8.664|1400|238.136|68720372194.04092|338799011.2911654
Generation 567|38|8.52|1350|246.094|274878894281.11755|746625135.984499
Generation 568|36|8.086|1600|230.406|68720340809.16231|309919887.65131456
Generation 569|36|8.514|1850|243.064|68720371031.54184|741290826.5714722
Generation 570|39|7.928|1550|227.854|549756836472.5358|1491766689.7947323
Generation 571|40|8.618|1400|248.658|1099512710673.8564|3455817776.927106
Generation 572|36|7.212|1650|210.498|68720358905.30058|293901638.576066
Generation 573|38|7.136|1450|206.126|274878877862.533|738563027.8438969
Generation 574|37|7.684|1550|199.042|137439852506.63257|444519231.93053615
Generation 575|41|6.52|1400|188.958|2199024397641.581|4447495195.03374
Generation 576|43|7.772|1450|224.76|8796094242389.096|18044417012.280254
Generation 577|37|7.11|1300|212.316|137439888274.37643|767907789.1168628
Generation 578|37|8.438|1500|226.784|137439883553.92545|594560652.8926177
Generation 579|36|7.79|1600|226.928|68720359114.42923|201171087.37144208
Generation 580|36|8.406|1550|232.27|68720340469.50725|401381988.62087876
Generation 581|38|7.454|1400|223.518|274878884319.5506|725206896.7698513
Generation 582|35|7.42|1500|230.384|34360543312.22412|168065675.54115027
Generation 583|38|7.224|1500|218.006|274878884201.35004|1240261747.725686
Generation 584|38|8.078|1300|213.798|274878885733.823|1229288953.3696015
Generation 585|37|7.494|1050|198.47|137439867505.29053|642376374.6068779
Generation 586|36|7.708|1650|215.956|68720357540.49205|232156274.949031
Generation 587|37|7.788|1500|223.962|137439880537.71274|594660059.6553953
Generation 588|38|7.898|1150|221.53|274878883135.17706|931935842.834133
Generation 589|37|7.698|1000|235.472|137439883664.87604|689771546.6518719
Generation 590|38|8.05|1250|256.436|274878889351.47516|817285096.1486902
Generation 591|36|7.418|1000|218.078|68720362737.06546|385802590.4942501
Generation 592|36|7.998|1650|263.18|68720361915.30223|196937810.90627727
Generation 593|35|8.37|1250|229.184|34360551956.243935|253036002.00484687
Generation 594|34|7.536|1550|232.632|17180642033.127903|108119969.91723275
Generation 595|38|7.418|1100|222.682|274878892344.7305|706556673.6626883
Generation 596|36|8.146|1450|228.564|68720364774.82582|277158619.5755918
Generation 597|36|7.774|1250|212.976|68720361606.17346|215071266.24518958
Generation 598|43|7.48|1250|203.29|8796094294511.963|18154702666.401993
Generation 599|33|7.66|1350|220.206|8590673796.55984|77962800.2656806
Generation 600|36|7.968|1300|221.574|68720344628.69876|359272479.0560894
Generation 601|39|7.736|1400|211.664|549756847657.2804|1193965406.111328
Generation 602|36|6.61|1500|175.614|68720335093.88632|200646639.8680831
Generation 603|34|7.568|1150|212.514|17180650859.730766|220712875.94402307
Generation 604|37|7.654|1350|204.778|137439877482.66867|504489113.29729766
Generation 605|38|7.978|1200|205.326|274878889698.77905|1354783655.5847569
Generation 606|34|7.212|1350|190.188|17180650568.863293|76894406.28571512
Generation 607|38|8.976|1050|221.762|274878889119.66266|1851574371.1717837
Generation 608|42|7.568|1150|200.76|4398047697453.037|9463326997.60362
Generation 609|36|7.006|1300|192.682|68720330674.90497|339290284.26866823
Generation 610|37|7.418|1600|198.47|137439882329.85992|388750528.1606195
Generation 611|37|6.25|1250|176.362|137439879523.62292|596767771.4960423
Generation 612|34|7.41|1500|212.532|17180644552.811058|138170920.76824403
Generation 613|35|7.19|1300|205.004|34360558417.05345|172524803.30135697
Generation 614|38|8.078|1350|230.526|274878880990.16766|693549658.0901495
Generation 615|35|7.224|1200|206.982|34360557991.65814|185204429.7746798
Generation 616|36|8.37|1400|243.698|68720358381.49352|281393152.8255655
Generation 617|35|7.748|1500|240.306|34360559371.344536|203530366.47706166
Generation 618|35|8.466|1550|246.978|34360565732.51971|282706148.6607325
Generation 619|35|8.998|1350|256.73|34360560847.88243|316701630.7058054
Generation 620|35|8.942|1600|249.162|34360555207.856094|168407271.55530348
Generation 621|38|8.79|1350|249.032|274878881707.0336|894573209.3664069
Generation 622|34|8.148|1550|243.568|17180634401.21828|125778074.8503025
Generation 623|36|8.516|1400|251.552|68720349706.4152|298337485.9398454
Generation 624|37|8.3|1650|248.7|137439891397.95197|630102598.1615238
Generation 625|37|7.828|1350|228.952|137439887185.92758|869319817.8095669
Generation 626|36|8.242|1400|238.758|68720348501.80693|350446185.11147004
Generation 627|35|7.584|1500|215.972|34360567063.35661|271268819.9193326
Generation 628|37|8.258|1600|240.836|137439865490.47525|509477529.5554641
Generation 629|40|8.072|1300|228.894|1099512717585.2705|2528285411.9481993
Generation 630|38|7.91|1550|233.622|274878889467.2985|1509338159.289252
Generation 631|39|8.524|1550|254.356|549756818679.1855|1801306523.124148
Generation 632|38|7.79|1450|229.932|274878887374.06775|1822694906.2506194
Generation 633|36|7.394|1700|229.822|68720344182.22343|342914272.25333285
Generation 634|37|7.892|1250|239.38|137439852135.34726|703553307.8211182
Generation 635|39|7.526|1500|230.648|549756845454.4266|3347463742.7268534
Generation 636|39|7.94|1750|229.77|549756848752.1011|1877484890.2290823
Generation 637|37|7.574|1550|237.06|137439850397.62747|797433275.6320097
Generation 638|42|7.946|1450|222.024|4398047693411.777|9717853105.114157
Generation 639|42|7.31|1100|215.022|4398047708919.06|9159613946.464312
Generation 640|39|7.084|1600|212.576|549756870089.4482|1489181427.615768
Generation 641|37|7.39|1650|217.602|137439881771.29315|871133926.1345885
Generation 642|40|7.534|1700|233.754|1099512696668.2336|3615151613.3052783
Generation 643|36|7.222|1250|218.644|68720322971.80212|323096077.55065
Generation 644|43|7.474|1650|234.984|8796094249395.799|18281479242.005733
Generation 645|40|8.7|1600|270.976|1099512686015.7385|4457148056.6079855
Generation 646|43|7.982|1500|259.154|8796094250631.676|22465797981.72324
Generation 647|39|8.088|1600|239.234|549756840996.9791|4311880021.462232
Generation 648|37|8.294|1500|262.872|137439887730.86963|1314203409.8182113
Generation 649|39|8.84|1650|264.7|549756844962.5365|4275907167.2555475
Generation 650|40|8.722|1750|274.318|1099512696398.6526|3797203655.1562967
Generation 651|37|9.348|1750|293.422|137439874505.10986|1998356390.6051025
Generation 652|45|8.724|1600|289.834|35184373501919.68|71420689605.57333
Generation 653|42|8.734|1500|292.976|4398047720032.147|14386663285.926975
Generation 654|39|9.376|1800|320.384|549756849116.0524|1913529786.509234
Generation 655|36|9.252|1850|287.796|68720356801.70154|1179424319.4452837
Generation 656|39|10.174|1550|303.868|549756836725.6128|4018360610.1076956
Generation 657|41|10.412|1550|307.478|2199024402145.8984|15470875353.268234
Generation 658|43|9.302|1700|287.68|8796094250477.355|24460656785.408012
Generation 659|41|9.16|1500|286.308|2199024408265.6626|8544439734.7914295
Generation 660|43|8.754|1600|277.228|8796094266718.219|19428979940.36495
Generation 661|38|8.796|1700|267.754|274878882064.77014|2842441996.055512
Generation 662|40|9.416|1650|276.92|1099512678620.2058|5546084735.039279
Generation 663|37|8.792|1550|276.772|137439874620.26678|1602521928.4455507
Generation 664|43|8.668|1550|276.774|8796094283240.123|18166502019.353386
Generation 665|37|8.476|1650|258.048|137439875539.70273|846157103.928181
Generation 666|36|7.864|1650|260.972|68720357645.81215|354960256.4119546
Generation 667|39|8.508|1500|271.316|549756843234.2235|2568720857.8697705
Generation 668|42|7.982|1700|242.272|4398047694136.276|15166350125.585228
Generation 669|41|9.264|1750|294.636|2199024397241.1113|6481893860.178308
Generation 670|38|8.718|1500|301.86|274878865776.2468|1182848114.5861495
Generation 671|38|7.48|1800|255.642|274878893826.99475|1198421183.3064315
Generation 672|39|7.684|1450|279.066|549756840996.9791|1832075628.3546221
Generation 673|43|8.33|1750|280.388|8796094273378.404|18521173334.33872
Generation 674|44|8.362|1700|286.85|17592187362059.19|39413282453.87041
Generation 675|40|8.572|1500|301.018|1099512705060.3604|3603935079.554649
Generation 676|47|8.034|1500|271.464|140737489843269.38|300630625545.31287
Generation 677|43|10.244|1600|305.548|8796094263124.068|21791884175.736042
Generation 678|40|9.934|1650|316.464|1099512714405.0952|4464808222.426425
Generation 679|41|9.148|1550|298.09|2199024409294.608|9615441720.490944
Generation 680|38|9.12|1750|296.868|274878868529.1741|1697141848.2263174
Generation 681|46|9.296|1400|280.766|70368745579617.44|147518534813.88718
Generation 682|42|8.864|1750|294.26|4398047688452.904|16849221182.253653
Generation 683|43|9.504|1750|291.022|8796094287510.148|44958526398.23886
Generation 684|46|9.164|1600|272.086|70368745618538.81|144249027112.18152
Generation 685|49|10.158|1900|316.54|562949955068091.9|1238562023271.7417
Generation 686|44|10.704|1750|339.436|17592187326509.48|74682945512.58228
Generation 687|44|10.24|1950|328.388|17592187357381.508|86203779217.2777
