|Max Apple|Mean Apple|Max Step|Mean Step|Max Fitness|Mean Fitness
Generation 1|2|0.052|12|6.09|2149.79154254127|35.30953388964719
Generation 2|1|0.074|100|6.372|513.4194329659408|44.28109539828087
Generation 3|1|0.056|17|6.272|512.4399732688559|35.19957990012599
Generation 4|3|0.066|15|6.46|5027.633040365744|49.725141325688426
Generation 5|2|0.05|100|6.864|2149.986294709256|35.079969104356
Generation 6|1|0.048|100|7.04|509.8288324890523|31.976252412619505
Generation 7|2|0.048|100|6.73|2149.6550881716457|33.962250873425454
Generation 8|1|0.05|100|6.81|510.37141366045626|32.740705250193415
Generation 9|2|0.044|100|7.096|2149.476355007297|32.3194325032819
Generation 10|2|0.088|100|7.216|2149.988999664993|56.661092524058716
Generation 11|2|0.056|100|7.094|2149.8377997990897|40.59045612517417
Generation 12|1|0.052|100|7.118|509.8288324890523|34.03823271797929
Generation 13|2|0.084|17|7.006|2149.988999664993|56.747573670651455
Generation 14|1|0.056|17|7.124|511.42505421866946|36.03107207623334
Generation 15|2|0.066|15|7.542|2149.476355007297|43.72437306661483
Generation 16|1|0.06|15|8.39|511.42505421866946|39.277883103366634
Generation 17|2|0.084|100|8.868|2149.964098556101|58.540936394925595
Generation 18|2|0.076|15|8.842|2149.988999664993|54.534267599195545
Generation 19|2|0.076|100|9.734|2149.9540739565236|50.84436138493733
Generation 20|2|0.08|100|9.988|2149.739062976162|55.33746066469456
Generation 21|2|0.078|100|10.464|2149.964098556101|52.54254534050955
Generation 22|2|0.1|100|10.618|2149.988999664993|68.23012009753236
Generation 23|2|0.114|600|12.398|2149.988999664993|73.35117753151577
Generation 24|2|0.11|100|10.39|2149.964098556101|72.93828313059863
Generation 25|2|0.096|19|10.482|2149.988999664993|68.34137266573339
Generation 26|1|0.088|100|10.914|511.42505421866946|55.69776359986889
Generation 27|3|0.108|100|10.92|5026.96582588445|79.50545074472387
Generation 28|2|0.116|15|10.632|2149.988999664993|76.18523804693478
Generation 29|3|0.116|100|11.146|5026.96582588445|79.13764999515186
Generation 30|2|0.106|15|10.948|2149.988999664993|69.19213431207068
Generation 31|2|0.102|21|11.302|2149.913226044195|65.26515000532612
Generation 32|2|0.09|15|11.364|2149.988999664993|63.94060105797805
Generation 33|1|0.088|15|11.636|511.42505421866946|56.36820326402057
Generation 34|2|0.106|15|11.71|2149.988999664993|69.95159258126657
Generation 35|2|0.114|100|11.892|2149.988999664993|76.39278472256872
Generation 36|2|0.114|21|11.48|2149.986294709256|73.69913321869558
Generation 37|2|0.122|100|11.466|2149.988999664993|89.0687492643283
Generation 38|2|0.108|100|11.776|2149.739062976162|73.26482761117741
Generation 39|2|0.096|18|11.57|2149.964098556101|71.69400003102008
Generation 40|2|0.108|100|11.976|2149.988999664993|71.19835944491412
Generation 41|1|0.088|15|11.446|511.42505421866946|56.17246939321387
Generation 42|3|0.14|100|12.228|5024.719635813122|94.35947820108603
Generation 43|2|0.142|18|11.78|2149.988999664993|99.32135960940933
Generation 44|2|0.104|15|11.838|2149.964098556101|78.22574396108081
Generation 45|2|0.152|16|11.574|2149.964098556101|104.10541880679777
Generation 46|2|0.136|19|11.64|2149.988999664993|91.59418137516037
Generation 47|2|0.128|15|11.4|2149.739062976162|80.55871309536009
Generation 48|2|0.12|100|11.914|2149.739062976162|79.35102837293086
Generation 49|2|0.106|15|11.534|2149.964098556101|72.0337607460577
Generation 50|2|0.11|15|11.798|2149.964098556101|76.56495740388833
Generation 51|2|0.108|15|11.556|2149.913226044195|68.51610912362689
Generation 52|2|0.088|15|11.3|2149.988999664993|60.61233113576806
Generation 53|2|0.1|21|11.604|2149.964098556101|64.57437906013519
Generation 54|2|0.136|15|11.244|2149.964098556101|84.4217278845596
Generation 55|2|0.118|15|11.506|2149.986294709256|78.0233168309538
Generation 56|2|0.114|15|11.462|2149.964098556101|73.6904690011708
Generation 57|2|0.114|15|11.662|2149.988999664993|80.73226142573849
Generation 58|2|0.084|15|11.222|2149.964098556101|58.538589497364256
Generation 59|2|0.13|22|11.526|2149.988999664993|83.9727998875457
Generation 60|2|0.128|17|11.44|2149.964098556101|85.15418217787307
Generation 61|3|0.098|15|11.488|5026.256363523016|72.79319932389548
Generation 62|2|0.12|17|11.434|2149.964098556101|74.36841036504431
Generation 63|2|0.102|15|11.442|2149.964098556101|67.70171516383628
Generation 64|2|0.112|100|11.96|2149.964098556101|73.17929215317653
Generation 65|2|0.106|22|11.618|2149.964098556101|69.83749299928766
Generation 66|2|0.114|19|11.93|2149.8377997990897|76.40029762226855
Generation 67|2|0.124|15|12.148|2149.988999664993|79.31997676195954
Generation 68|2|0.118|15|11.78|2149.988999664993|75.9832398861679
Generation 69|2|0.112|15|11.732|2149.988999664993|79.81062581809346
Generation 70|2|0.106|15|11.822|2149.964098556101|70.06551244137634
Generation 71|2|0.146|19|11.768|2149.988999664993|98.96910226820958
Generation 72|2|0.108|15|12.05|2149.964098556101|68.98624753650537
Generation 73|2|0.098|16|12.044|2149.964098556101|66.29201721524274
Generation 74|2|0.086|17|11.828|2149.964098556101|64.69237355179555
Generation 75|1|0.142|16|11.962|511.93713373395843|83.49701765541593
Generation 76|3|0.098|15|12.19|5026.256363523016|75.75868414361481
Generation 77|2|0.124|15|12.374|2149.988999664993|84.1202931866211
Generation 78|2|0.118|15|12.328|2149.988999664993|76.51199171252021
Generation 79|2|0.11|19|12.134|2149.988999664993|81.48197281565929
Generation 80|2|0.122|22|12.068|2149.988999664993|85.06494194646406
Generation 81|2|0.106|19|12.136|2149.964098556101|74.92154932574414
Generation 82|1|0.098|600|13.332|513.8967170165362|61.659440029141464
Generation 83|2|0.122|15|12.182|2149.988999664993|87.50155296110738
Generation 84|3|0.104|100|12.426|5026.96582588445|81.26111362880573
Generation 85|2|0.106|100|12.458|2149.6181160598485|68.37797060230336
Generation 86|3|0.122|100|12.408|5021.224242470099|87.89751948271783
Generation 87|2|0.154|20|12.35|2149.986294709256|98.98662777110337
Generation 88|2|0.112|15|12.406|2149.988999664993|73.59601899372205
Generation 89|2|0.1|15|12.536|2149.964098556101|65.48410723615474
Generation 90|2|0.116|19|12.582|2149.6181160598485|73.46351006066693
Generation 91|2|0.116|100|12.718|2149.313421433475|75.85590218350616
Generation 92|2|0.118|15|12.514|2149.964098556101|78.96094385124746
Generation 93|2|0.132|20|12.634|2149.739062976162|83.7359444532743
Generation 94|2|0.116|15|12.596|2149.964098556101|78.06159531617152
Generation 95|1|0.118|15|12.32|511.42505421866946|71.94512963773899
Generation 96|2|0.114|22|12.64|2149.964098556101|79.41003701300878
Generation 97|2|0.132|15|12.612|2149.964098556101|90.58920982795989
Generation 98|2|0.134|15|12.344|2149.8377997990897|86.73105072860216
Generation 99|3|0.122|19|12.816|5024.719635813122|88.29460750983931
Generation 100|2|0.148|16|13.068|2149.988999664993|98.939263845688
Generation 101|2|0.108|16|13.268|2149.986294709256|72.45958053229761
Generation 102|2|0.128|15|12.96|2149.988999664993|84.39376682275226
Generation 103|2|0.126|15|12.676|2149.986294709256|83.07906663714338
Generation 104|2|0.114|18|13.254|2149.8377997990897|75.39276423753678
Generation 105|1|0.118|15|13.314|511.42505421866946|72.85124918634666
Generation 106|2|0.13|16|13.128|2149.8377997990897|85.51248005445842
Generation 107|2|0.118|20|13.228|2149.8377997990897|77.3631808509485
Generation 108|2|0.098|15|13.308|2149.986294709256|69.82896865510729
Generation 109|2|0.158|16|12.974|2149.964098556101|101.5735435518041
Generation 110|2|0.128|22|13.626|2149.988999664993|82.71084764136683
Generation 111|2|0.144|18|13.428|2149.988999664993|97.3029163937962
Generation 112|2|0.126|16|13.286|2149.8377997990897|81.39627242352836
Generation 113|2|0.15|20|13.562|2149.739062976162|98.13321869231874
Generation 114|3|0.138|19|13.634|5023.038198361497|94.71126115603334
Generation 115|2|0.108|15|13.674|2149.739062976162|70.54021486375981
Generation 116|2|0.124|15|13.394|2149.964098556101|80.51328521530586
Generation 117|2|0.14|15|13.65|2149.964098556101|90.9761677401579
Generation 118|2|0.122|24|13.576|2149.964098556101|79.67263832808729
Generation 119|2|0.13|15|13.512|2149.988999664993|88.19333919215568
Generation 120|2|0.124|15|13.612|2149.739062976162|78.42167914880918
Generation 121|1|0.104|15|13.588|511.42505421866946|66.18384020253606
Generation 122|2|0.144|15|13.53|2149.739062976162|90.55388668036666
Generation 123|2|0.128|15|13.602|2149.988999664993|98.69766935047915
Generation 124|2|0.118|15|13.53|2149.964098556101|82.23654709616176
Generation 125|2|0.128|15|13.5|2149.964098556101|82.59544178279981
Generation 126|2|0.132|20|13.41|2149.986294709256|89.06509504344135
Generation 127|2|0.124|15|13.264|2149.9540739565236|84.96450290611202
Generation 128|2|0.134|15|13.338|2149.8377997990897|92.27379815504852
Generation 129|3|0.126|15|13.342|5024.719635813122|86.19145525117388
Generation 130|2|0.136|16|13.662|2149.8377997990897|98.1605089707926
Generation 131|2|0.132|15|13.4|2149.913226044195|84.48349251076286
Generation 132|2|0.132|15|13.222|2149.739062976162|84.32316985940673
Generation 133|2|0.112|15|13.332|2149.739062976162|72.195443058533
Generation 134|2|0.14|15|13.272|2149.964098556101|95.21031671583513
Generation 135|3|0.12|15|13.166|5024.719635813122|87.61574419030046
Generation 136|2|0.122|16|13.02|2149.964098556101|83.7182067226065
Generation 137|2|0.108|15|13.302|2149.739062976162|74.75275791415078
Generation 138|2|0.106|15|12.584|2149.988999664993|77.63553651555657
Generation 139|2|0.088|18|12.268|2149.964098556101|61.504381114107005
Generation 140|2|0.104|15|12.718|2149.913226044195|72.19974989293085
Generation 141|3|0.118|15|12.436|5027.633040365744|95.05586387502443
Generation 142|2|0.114|19|12.596|2149.964098556101|77.03044450486355
Generation 143|1|0.104|15|12.328|511.42505421866946|64.98766533421747
Generation 144|2|0.1|17|12.404|2149.8377997990897|65.37292624724827
Generation 145|1|0.098|15|12.47|511.42505421866946|62.15251371684519
Generation 146|2|0.132|15|12.352|2149.988999664993|85.77899377029648
Generation 147|2|0.116|15|12.618|2149.964098556101|78.09208736192778
Generation 148|2|0.134|16|12.57|2149.739062976162|89.16203094698552
Generation 149|2|0.1|15|13.2|2149.964098556101|66.10303863553925
Generation 150|2|0.13|15|12.986|2149.9540739565236|85.38337142977042
Generation 151|2|0.124|15|12.834|2149.739062976162|82.2018826891379
Generation 152|2|0.12|15|13.282|2149.739062976162|80.6695718412302
Generation 153|3|0.102|15|13.256|5024.719635813122|74.20354616173027
Generation 154|2|0.118|16|13.198|2149.988999664993|84.18896608957185
Generation 155|2|0.142|16|13.32|2149.8377997990897|98.49829282598357
Generation 156|2|0.122|15|13.388|2149.964098556101|79.4851933337003
Generation 157|3|0.134|15|13.454|5024.719635813122|92.55630417761385
Generation 158|2|0.11|15|13.3|2149.739062976162|80.34069175619257
Generation 159|2|0.118|15|12.798|2149.739062976162|83.79675616591848
Generation 160|3|0.148|15|13.044|5024.719635813122|108.25290782637039
Generation 161|2|0.138|15|13.572|2149.988999664993|96.76607305961382
Generation 162|2|0.132|15|13.656|2149.8377997990897|86.97753939529323
Generation 163|3|0.13|17|13.502|5024.719635813122|88.29047036391549
Generation 164|2|0.122|15|13.648|2149.8377997990897|82.00755591758976
Generation 165|2|0.12|15|13.456|2149.9540739565236|80.83569995366831
Generation 166|2|0.152|15|13.674|2149.964098556101|106.06262987387693
Generation 167|2|0.126|15|13.636|2149.964098556101|86.25012251931525
Generation 168|2|0.13|15|13.758|2149.988999664993|83.81966445428779
Generation 169|2|0.148|15|14.02|2149.739062976162|95.2423866342009
Generation 170|2|0.136|15|13.976|2149.739062976162|93.85086069856976
Generation 171|2|0.13|15|14.018|2149.964098556101|90.93338892297307
Generation 172|2|0.134|15|14.226|2149.988999664993|95.41299075632304
Generation 173|2|0.138|15|14.17|2149.986294709256|90.48112158552657
Generation 174|3|0.136|15|14.076|5024.719635813122|94.14242551950775
Generation 175|2|0.09|18|14.098|2149.739062976162|62.05533992650178
Generation 176|2|0.152|15|14.07|2149.986294709256|104.15854495310126
Generation 177|2|0.14|15|14.39|2149.739062976162|98.53465228010101
Generation 178|3|0.124|15|14.236|5024.719635813122|90.65437401808293
Generation 179|2|0.142|15|14.234|2149.739062976162|90.26280817907845
Generation 180|2|0.134|15|14.572|2149.739062976162|88.87799407255257
Generation 181|2|0.13|15|14.25|2149.739062976162|88.87298255567534
Generation 182|2|0.15|15|14.304|2149.739062976162|94.27136193119655
Generation 183|2|0.128|15|14.25|2149.739062976162|80.9941720692227
Generation 184|2|0.182|15|14.324|2149.739062976162|116.98760695820556
Generation 185|2|0.142|15|14.254|2149.739062976162|99.36627445446068
Generation 186|3|0.122|15|14.154|5024.719635813122|89.5372522277646
Generation 187|2|0.118|15|14.12|2149.739062976162|78.23734727331583
Generation 188|2|0.146|15|14.208|2149.988999664993|96.76104539265448
Generation 189|2|0.156|15|14.266|2149.988999664993|104.07636190261037
Generation 190|2|0.126|15|14.318|2149.988999664993|89.24360340430678
Generation 191|2|0.134|100|14.408|2149.739062976162|93.28877935873592
Generation 192|2|0.13|15|14.462|2149.739062976162|91.33742935114775
Generation 193|2|0.134|18|14.702|2149.964098556101|91.26154535587014
Generation 194|2|0.126|27|14.416|2149.739062976162|84.75249118994009
Generation 195|2|0.13|15|14.454|2149.739062976162|84.4727290849404
Generation 196|3|0.136|18|14.45|5024.719635813122|94.48372479201434
Generation 197|2|0.14|100|14.59|2149.739062976162|96.47361320784086
Generation 198|2|0.13|27|14.158|2149.964098556101|95.61699271153466
Generation 199|2|0.126|100|14.702|2149.739062976162|87.31022350102518
Generation 200|3|0.126|100|14.574|5024.719635813122|91.90804313879465
Generation 201|2|0.14|27|14.01|2149.9540739565236|95.87748470502497
Generation 202|2|0.142|18|13.972|2149.9540739565236|99.09962383379575
Generation 203|2|0.128|17|14.298|2149.964098556101|90.17969445532712
Generation 204|2|0.11|18|14.182|2149.739062976162|74.28178978501225
Generation 205|2|0.13|18|13.91|2149.739062976162|83.9880125849388
Generation 206|2|0.14|15|14.17|2149.964098556101|98.34783846721366
Generation 207|2|0.122|100|14.348|2149.739062976162|80.3942059179653
Generation 208|2|0.144|100|14.084|2149.9540739565236|97.9565112478
Generation 209|2|0.112|17|13.944|2149.964098556101|84.20328250608544
Generation 210|2|0.076|19|13.838|2149.913226044195|57.100541342896214
Generation 211|2|0.126|15|13.728|2149.739062976162|86.40414917939508
Generation 212|2|0.15|15|13.926|2149.739062976162|98.43555671579281
Generation 213|1|0.134|18|14.204|511.42505421866946|81.66767434673125
Generation 214|2|0.134|15|13.844|2149.739062976162|83.59166197677894
Generation 215|2|0.128|15|14.058|2149.739062976162|92.23486890107883
Generation 216|2|0.11|100|14.122|2149.739062976162|74.25329633453168
Generation 217|2|0.128|15|13.972|2149.739062976162|85.30276848558313
Generation 218|2|0.126|15|14.304|2149.739062976162|86.94363462246218
Generation 219|2|0.174|100|14.446|2149.739062976162|110.84371480182601
Generation 220|2|0.12|16|14.004|2149.739062976162|85.94911584875553
Generation 221|3|0.124|100|14.1|5024.719635813122|90.50910641646202
Generation 222|3|0.114|15|14.104|5024.719635813122|83.26433940800696
Generation 223|2|0.102|15|13.976|2149.739062976162|72.40229029921032
Generation 224|2|0.126|15|13.742|2149.739062976162|81.82511784684792
Generation 225|2|0.146|15|14.29|2149.964098556101|101.3831221961661
Generation 226|2|0.172|15|14.274|2149.739062976162|109.71338983464702
Generation 227|2|0.13|100|14.26|2149.986294709256|91.17366696199632
Generation 228|3|0.136|100|14.256|5024.719635813122|94.2959764037533
Generation 229|2|0.128|100|14.322|2149.739062976162|85.6786503394446
Generation 230|2|0.12|100|14.242|2149.739062976162|77.08148280554661
Generation 231|2|0.134|17|13.802|2149.988999664993|88.13366134072467
Generation 232|2|0.144|100|13.97|2149.739062976162|90.98504200256157
Generation 233|2|0.146|15|14.046|2149.739062976162|96.61880752348074
Generation 234|2|0.152|15|14.056|2149.739062976162|111.07423851017933
Generation 235|2|0.14|100|14.434|2149.8377997990897|98.5498948520577
Generation 236|2|0.158|15|14.32|2149.739062976162|107.40194657974378
Generation 237|2|0.136|18|14.416|2149.739062976162|87.42429289012865
Generation 238|3|0.118|17|14.224|5024.719635813122|85.3264816937366
Generation 239|2|0.134|17|14.15|2149.739062976162|86.16342303755253
Generation 240|2|0.142|15|14.31|2149.739062976162|92.54278632940006
Generation 241|2|0.102|100|14.33|2149.739062976162|68.18193939165172
Generation 242|2|0.144|19|14.35|2149.739062976162|98.16954169623646
Generation 243|2|0.16|15|14.464|2149.739062976162|101.65122882698753
Generation 244|2|0.11|15|14.47|2149.739062976162|76.84474308619038
Generation 245|2|0.138|15|14.394|2149.739062976162|95.2367386094188
Generation 246|2|0.126|15|14.328|2149.739062976162|89.23541814823929
Generation 247|2|0.134|15|14.384|2149.739062976162|88.66584154574055
Generation 248|2|0.134|18|14.222|2149.739062976162|93.13162203368717
Generation 249|2|0.132|15|14.44|2149.739062976162|87.74233225072992
Generation 250|2|0.126|15|14.322|2149.739062976162|82.39074872766312
Generation 251|2|0.12|15|14.406|2149.739062976162|84.0607483950346
Generation 252|2|0.134|15|14.19|2149.739062976162|90.80447509130916
Generation 253|1|0.118|15|14.526|511.42505421866946|74.04015283663875
Generation 254|2|0.14|15|14.354|2149.739062976162|93.93291047248846
Generation 255|2|0.14|15|14.486|2149.739062976162|91.77059930652486
Generation 256|2|0.134|15|14.67|2149.739062976162|86.65830243944278
Generation 257|2|0.092|15|14.488|2149.739062976162|67.95834593560126
Generation 258|1|0.118|15|14.49|511.42505421866946|74.00949403324177
Generation 259|2|0.128|15|14.442|2149.739062976162|90.37148424196073
Generation 260|2|0.174|15|14.606|2149.739062976162|111.01617276829872
Generation 261|2|0.116|15|14.636|2149.739062976162|80.0135008469747
Generation 262|2|0.126|15|14.712|2149.739062976162|85.01441214945164
Generation 263|2|0.162|15|14.656|2149.739062976162|111.96897253388484
Generation 264|2|0.148|15|14.71|2149.739062976162|107.38098990635993
Generation 265|2|0.146|15|14.698|2149.739062976162|92.63832851087253
Generation 266|2|0.15|19|14.55|2149.739062976162|108.2058841836715
Generation 267|2|0.126|18|14.588|2149.739062976162|82.62549667502105
Generation 268|2|0.14|15|14.422|2149.739062976162|94.00343144642535
Generation 269|2|0.134|18|14.728|2149.739062976162|86.70048449940772
Generation 270|1|0.134|18|14.53|511.42505421866946|81.98853576830405
Generation 271|2|0.124|17|14.654|2149.739062976162|79.42788264198835
Generation 272|2|0.12|19|14.622|2149.739062976162|81.9727242587867
Generation 273|2|0.118|15|14.714|2149.739062976162|78.77114263114633
Generation 274|3|0.148|15|14.676|5024.719635813122|107.50092448779434
Generation 275|2|0.15|15|14.762|2149.739062976162|99.2638025837531
Generation 276|2|0.12|15|14.66|2149.739062976162|79.7334231547717
Generation 277|2|0.166|17|14.61|2149.739062976162|104.77373770429003
Generation 278|2|0.132|15|14.49|2149.739062976162|87.82406537546548
Generation 279|2|0.15|15|14.524|2149.739062976162|94.4506207407633
Generation 280|2|0.14|18|14.49|2149.739062976162|91.77890705331998
Generation 281|2|0.116|16|14.49|2149.739062976162|75.31732887131363
Generation 282|2|0.122|15|14.454|2149.739062976162|78.21546499914614
Generation 283|2|0.162|19|14.586|2149.739062976162|109.61677368003993
Generation 284|3|0.16|17|14.7|5024.719635813122|111.20870635504835
Generation 285|2|0.136|15|14.71|2149.739062976162|92.25163668267587
Generation 286|2|0.146|15|14.644|2149.739062976162|97.15206381470368
Generation 287|3|0.114|100|14.83|5024.719635813122|79.4057076144068
Generation 288|2|0.146|15|14.548|2149.988999664993|103.95046887144916
Generation 289|2|0.112|15|14.534|2149.739062976162|73.33023677200862
Generation 290|2|0.154|15|14.564|2149.739062976162|107.9384571655076
Generation 291|2|0.144|16|14.494|2149.988999664993|98.34260914040162
Generation 292|2|0.15|19|14.602|2149.964098556101|99.11699615402473
Generation 293|2|0.122|23|14.388|2149.739062976162|80.45769090188499
Generation 294|2|0.12|100|14.666|2149.739062976162|86.61880807078741
Generation 295|2|0.14|100|14.424|2149.739062976162|96.26970885587399
Generation 296|2|0.134|15|14.444|2149.739062976162|86.49869086722829
Generation 297|2|0.124|15|14.688|2149.739062976162|84.01756278368022
Generation 298|2|0.128|100|14.76|2149.739062976162|81.52595238280927
Generation 299|2|0.108|15|14.554|2149.964098556101|73.67551874996064
Generation 300|2|0.138|100|14.898|2149.8377997990897|91.1459498497213
Generation 301|2|0.134|100|14.956|2149.739062976162|89.24070555410458
Generation 302|3|0.134|100|14.802|5024.719635813122|100.69592802294851
Generation 303|2|0.158|100|14.738|2149.739062976162|110.07005690004097
Generation 304|2|0.118|100|14.862|2149.739062976162|76.65031833219406
Generation 305|2|0.124|100|14.782|2149.739062976162|84.09448867136136
Generation 306|2|0.14|15|14.456|2149.8377997990897|89.45421363093517
Generation 307|2|0.124|100|14.65|2149.739062976162|79.40129058446244
Generation 308|2|0.138|15|14.634|2149.739062976162|90.88822918113813
Generation 309|2|0.13|27|14.6|2149.739062976162|86.83483224907044
Generation 310|2|0.128|27|14.714|2149.739062976162|86.05019779339582
Generation 311|2|0.148|15|14.488|2149.739062976162|93.44713000843481
Generation 312|2|0.144|21|14.632|2149.739062976162|96.14267873532826
Generation 313|1|0.102|15|14.692|511.42505421866946|66.24511669697043
Generation 314|2|0.162|15|14.378|2149.739062976162|100.28751340368466
Generation 315|2|0.13|15|14.452|2149.739062976162|84.4993784118013
Generation 316|2|0.15|15|14.52|2149.739062976162|101.31820878398909
Generation 317|2|0.134|15|14.514|2149.739062976162|91.12895483023438
Generation 318|2|0.146|15|14.504|2149.8377997990897|99.33965965088564
Generation 319|2|0.16|15|14.442|2149.739062976162|115.31968113943753
Generation 320|2|0.146|100|14.79|2149.739062976162|90.45391963509523
Generation 321|2|0.134|15|14.54|2149.739062976162|84.26443409755274
Generation 322|3|0.144|15|14.416|5024.719635813122|98.43553899672538
Generation 323|2|0.134|100|14.72|2149.739062976162|91.28374734878876
Generation 324|2|0.158|15|14.254|2149.964098556101|109.56062272446007
Generation 325|1|0.116|15|14.11|511.42505421866946|72.58772895898795
Generation 326|3|0.156|100|14.728|5024.719635813122|106.99475948848365
Generation 327|3|0.164|100|14.694|5026.96582588445|106.378046380508
Generation 328|2|0.13|100|14.906|2149.8377997990897|84.91319417651658
Generation 329|2|0.154|15|14.662|2149.739062976162|94.30353040015163
Generation 330|2|0.176|15|14.57|2149.739062976162|107.39620786437867
Generation 331|2|0.12|100|14.818|2149.739062976162|77.60165897815632
Generation 332|2|0.152|1100|17.13|2149.739062976162|98.49944130620429
Generation 333|2|0.11|100|14.972|2149.739062976162|75.0855033640631
Generation 334|2|0.126|15|14.35|2149.739062976162|80.12714918113146
Generation 335|2|0.118|15|14.614|2149.739062976162|76.41079513725673
Generation 336|2|0.172|100|14.964|2149.739062976162|119.503606805753
Generation 337|2|0.112|100|14.88|2149.739062976162|78.28633718886186
Generation 338|2|0.148|100|14.698|2149.739062976162|93.67723189314519
Generation 339|2|0.146|1100|17.018|2149.739062976162|99.91950055430866
Generation 340|2|0.112|100|14.94|2149.739062976162|78.32622255705641
Generation 341|2|0.12|100|15.564|2149.739062976162|78.32902238704679
Generation 342|2|0.136|100|14.73|2149.739062976162|85.48205311822196
Generation 343|2|0.14|27|14.524|2149.739062976162|89.52287784927047
Generation 344|3|0.156|100|15.054|5018.2761625849325|102.71552842372199
Generation 345|3|0.144|100|14.312|5024.719635813122|102.91965471404177
Generation 346|2|0.14|15|14.036|2149.739062976162|86.74519111567113
Generation 347|2|0.15|1100|16.328|2149.739062976162|96.63106572998159
Generation 348|2|0.122|33|14.344|2149.739062976162|84.94785706025502
Generation 349|2|0.142|18|14.29|2149.739062976162|94.85286956222946
Generation 350|2|0.148|24|14.17|2149.739062976162|95.41045195892177
Generation 351|2|0.14|15|14.452|2149.739062976162|93.98004964211233
Generation 352|2|0.128|17|14.32|2149.8377997990897|87.94836788508873
Generation 353|2|0.132|15|14.21|2149.739062976162|85.20590094674847
Generation 354|2|0.15|27|14.432|2149.8377997990897|105.81478275104939
Generation 355|2|0.11|15|14.344|2149.739062976162|74.49673911479151
Generation 356|2|0.152|18|14.21|2149.739062976162|101.97735087143633
Generation 357|1|0.11|19|14.392|513.4194329659408|69.91017513673621
Generation 358|2|0.158|15|14.176|2149.8377997990897|102.68641585708924
Generation 359|2|0.146|23|14.296|2149.739062976162|99.04885282789554
Generation 360|2|0.13|17|14.332|2149.739062976162|91.2050957619398
Generation 361|1|0.142|15|14.452|511.42505421866946|85.8230753716773
Generation 362|2|0.152|1100|16.664|2149.739062976162|95.68743353345018
Generation 363|2|0.148|23|14.522|2149.739062976162|95.72500156062503
Generation 364|2|0.156|15|14.17|2149.739062976162|101.7121395341748
Generation 365|2|0.108|18|14.402|2149.739062976162|71.21613198570735
Generation 366|2|0.12|18|14.21|2149.739062976162|77.02373911604555
Generation 367|2|0.144|1100|16.55|2149.739062976162|91.61830016686412
Generation 368|2|0.132|1100|16.466|2149.739062976162|85.59030148237716
Generation 369|2|0.112|15|14.706|2149.739062976162|78.07624948536625
Generation 370|2|0.14|15|14.546|2149.739062976162|91.7928397135757
Generation 371|2|0.126|15|14.58|2149.739062976162|82.63540679110653
Generation 372|2|0.148|1100|19.062|2149.739062976162|94.18605004211236
Generation 373|2|0.14|15|14.69|2149.739062976162|87.3691927199421
Generation 374|2|0.158|15|14.684|2149.739062976162|103.14187720788951
Generation 375|2|0.162|15|14.57|2149.739062976162|102.76994760350085
Generation 376|2|0.16|100|14.8|2149.913226044195|104.24651416570333
Generation 377|3|0.162|15|14.472|5024.719635813122|109.69241909241039
Generation 378|2|0.142|100|14.702|2149.8377997990897|95.26897199454415
Generation 379|2|0.138|15|14.24|2149.739062976162|97.38245353233778
Generation 380|2|0.13|15|14.374|2149.739062976162|86.70906150689997
Generation 381|2|0.15|15|14.26|2149.739062976162|96.50159312752989
Generation 382|2|0.14|15|14.56|2149.739062976162|94.08994236099592
Generation 383|2|0.158|27|14.262|2149.988999664993|100.51204235839023
Generation 384|2|0.12|100|14.708|2149.913226044195|91.22097696369977
Generation 385|2|0.138|15|14.242|2149.988999664993|85.98970331525852
Generation 386|2|0.146|15|14.256|2149.739062976162|89.90840220127342
Generation 387|2|0.134|15|14.278|2149.739062976162|86.26651147918604
Generation 388|2|0.138|100|14.392|2149.739062976162|95.21581483739381
Generation 389|2|0.124|15|14.23|2149.739062976162|83.55088134684584
Generation 390|2|0.132|15|14.382|2149.739062976162|83.10621495581505
Generation 391|2|0.102|27|14.542|2149.739062976162|70.67514932018838
Generation 392|2|0.146|15|14.414|2149.8377997990897|94.63949633705526
Generation 393|2|0.146|15|14.356|2149.739062976162|92.33913854062816
Generation 394|2|0.126|100|14.628|2149.739062976162|82.67767326486218
Generation 395|2|0.142|33|14.4|2149.8377997990897|97.197812553415
Generation 396|2|0.126|100|14.51|2149.988999664993|93.95467865831466
Generation 397|2|0.128|600|15.534|2149.986294709256|90.09372236252493
Generation 398|2|0.124|15|14.228|2149.964098556101|88.13813395210867
Generation 399|2|0.14|15|14.41|2149.913226044195|91.71498302559054
Generation 400|2|0.144|15|14.534|2149.739062976162|93.77492556003476
Generation 401|2|0.152|18|14.58|2149.739062976162|102.36210257065474
Generation 402|2|0.13|15|14.52|2149.739062976162|91.4106225372729
Generation 403|2|0.118|15|14.57|2149.739062976162|76.36868785614031
Generation 404|3|0.136|15|14.526|5024.719635813122|94.6050201888354
Generation 405|2|0.112|100|14.708|2149.739062976162|80.35822432871119
Generation 406|2|0.134|15|14.236|2149.739062976162|88.51273149834401
Generation 407|2|0.112|100|14.854|2149.739062976162|75.92163869570894
Generation 408|2|0.138|100|14.722|2149.739062976162|93.27202902824595
Generation 409|2|0.138|17|14.494|2149.739062976162|88.50567269201504
Generation 410|2|0.136|19|14.334|2149.739062976162|94.21644281487548
Generation 411|2|0.118|15|14.306|2149.739062976162|78.4101829471983
Generation 412|2|0.132|15|14.516|2149.739062976162|87.81744002249226
Generation 413|2|0.134|100|14.888|2149.739062976162|93.75722861500294
Generation 414|2|0.116|15|14.522|2149.739062976162|77.61653049443781
Generation 415|2|0.136|15|14.614|2149.913226044195|92.17878966951795
Generation 416|2|0.146|15|14.582|2149.964098556101|99.40025836284994
Generation 417|2|0.148|15|14.406|2149.739062976162|95.65090791751247
Generation 418|3|0.14|23|14.55|5024.719635813122|103.44311795778906
Generation 419|2|0.128|15|14.394|2149.739062976162|81.13801716800577
Generation 420|2|0.114|15|14.432|2149.739062976162|76.5478569758416
Generation 421|2|0.132|15|14.41|2149.739062976162|92.28580339718832
Generation 422|2|0.164|15|14.522|2149.739062976162|110.54285228978529
Generation 423|2|0.128|15|14.564|2149.988999664993|88.17521003153212
Generation 424|2|0.15|15|14.616|2149.988999664993|103.68767077369196
Generation 425|2|0.104|17|14.352|2149.739062976162|73.78031580868674
Generation 426|2|0.138|15|14.546|2149.739062976162|93.10562349486109
Generation 427|2|0.138|15|14.456|2149.739062976162|90.74010684732147
Generation 428|2|0.138|15|14.466|2149.739062976162|90.73813929722361
Generation 429|2|0.14|15|14.6|2149.739062976162|94.15492757864817
Generation 430|2|0.112|15|14.398|2149.739062976162|75.50692145304143
Generation 431|2|0.146|17|14.438|2149.739062976162|92.36883804987033
Generation 432|2|0.142|18|14.372|2149.739062976162|97.22485082998028
Generation 433|2|0.134|15|14.448|2149.739062976162|86.48811366640523
Generation 434|3|0.138|27|14.536|5024.719635813122|93.29014031626737
Generation 435|2|0.14|18|14.484|2149.739062976162|91.77352174759211
Generation 436|2|0.13|15|14.63|2149.739062976162|89.22150017626787
Generation 437|2|0.164|15|14.732|2149.739062976162|110.73309112311914
Generation 438|1|0.134|15|14.782|511.42505421866946|82.19438768048974
Generation 439|3|0.174|18|14.606|5024.719635813122|115.7766605521584
Generation 440|3|0.106|15|14.588|5024.719635813122|77.50400388156882
Generation 441|1|0.146|15|14.45|511.42505421866946|87.85418156975612
Generation 442|2|0.168|17|14.482|2149.739062976162|114.76044911148344
Generation 443|2|0.152|15|14.348|2149.739062976162|99.85757848692403
Generation 444|2|0.14|18|14.464|2149.739062976162|93.99838164764154
Generation 445|2|0.128|15|14.248|2149.739062976162|83.27267951059042
Generation 446|2|0.156|15|14.304|2149.739062976162|101.80641830338134
Generation 447|2|0.154|15|14.336|2149.739062976162|100.8356139099843
Generation 448|2|0.126|15|14.518|2149.739062976162|89.42371991037281
Generation 449|3|0.118|15|14.272|5024.719635813122|87.6728001367015
Generation 450|3|0.106|15|14.238|5024.719635813122|79.39487679139613
Generation 451|2|0.174|16|14.352|2149.739062976162|113.05632938216843
Generation 452|2|0.136|17|14.322|2149.739062976162|89.6190647860708
Generation 453|2|0.138|15|14.452|2149.739062976162|95.30772925958208
Generation 454|2|0.15|19|14.752|2149.739062976162|96.93884178419403
Generation 455|2|0.122|19|14.724|2149.739062976162|80.74588923789565
Generation 456|2|0.162|15|14.482|2149.739062976162|102.68536080567542
Generation 457|2|0.138|15|14.672|2149.8377997990897|95.52966418309919
Generation 458|2|0.142|15|14.69|2149.739062976162|92.95702906172278
Generation 459|2|0.124|15|14.804|2149.739062976162|81.81563807835205
Generation 460|2|0.13|15|14.596|2149.739062976162|89.23817519290259
Generation 461|2|0.154|15|14.662|2149.739062976162|98.88911385872869
Generation 462|2|0.118|15|14.69|2149.739062976162|83.36754412844483
Generation 463|2|0.126|15|14.598|2149.739062976162|80.34685707396225
Generation 464|2|0.134|15|14.492|2149.739062976162|93.39064539757327
Generation 465|2|0.156|15|14.452|2149.739062976162|101.96867839096659
Generation 466|2|0.128|15|14.638|2149.739062976162|92.82531076191343
Generation 467|3|0.15|15|14.79|5024.719635813122|104.0386993854928
Generation 468|2|0.126|15|14.578|2149.739062976162|80.35790260223183
Generation 469|3|0.158|15|14.744|5024.719635813122|112.54846068314826
Generation 470|2|0.14|15|14.756|2149.739062976162|92.01325587941659
Generation 471|2|0.16|15|14.62|2149.739062976162|104.08738721501206
Generation 472|2|0.12|15|14.716|2149.739062976162|77.49495940088812
Generation 473|2|0.156|17|14.542|2149.739062976162|111.1809817280705
Generation 474|3|0.138|18|14.43|5024.719635813122|95.50053305428001
Generation 475|2|0.138|17|14.67|2149.739062976162|88.64574936612618
Generation 476|1|0.134|16|14.232|511.42505421866946|81.68095769526045
Generation 477|2|0.124|15|14.652|2149.739062976162|86.2645331362171
Generation 478|2|0.106|15|14.522|2149.476355007297|70.3846381301919
Generation 479|2|0.132|15|14.214|2149.739062976162|92.13397187897705
Generation 480|2|0.156|18|14.478|2149.739062976162|97.41650629463625
Generation 481|2|0.158|17|14.314|2149.739062976162|100.5046509266163
Generation 482|2|0.136|15|14.42|2149.964098556101|89.74344107895428
Generation 483|1|0.116|15|14.536|511.42505421866946|73.0446838606771
Generation 484|2|0.148|18|14.306|2149.739062976162|97.86221781711389
Generation 485|2|0.128|18|14.214|2149.739062976162|87.81922234751565
Generation 486|2|0.148|18|14.212|2149.964098556101|95.4426315314704
Generation 487|2|0.138|100|14.268|2149.739062976162|95.15113099297916
Generation 488|2|0.134|18|14.304|2149.739062976162|86.36607332765239
Generation 489|3|0.128|17|14.204|5024.719635813122|94.85589714117972
Generation 490|2|0.138|100|14.154|2149.739062976162|85.88335129554856
Generation 491|1|0.142|18|14.112|512.933957131351|85.51745088906871
Generation 492|2|0.16|19|13.976|2149.739062976162|105.71653623334728
Generation 493|2|0.14|16|13.956|2149.739062976162|91.25639438479554
Generation 494|2|0.122|15|13.938|2149.739062976162|77.74084853381363
Generation 495|2|0.1|27|14.412|2149.739062976162|71.82978306962654
Generation 496|2|0.146|19|14.12|2149.739062976162|89.8125983127797
Generation 497|2|0.17|15|14.234|2149.739062976162|117.80755837680617
Generation 498|2|0.11|16|14.304|2149.988999664993|76.68820551521668
Generation 499|2|0.13|15|14.368|2149.739062976162|84.41985201165456
Generation 500|2|0.154|15|13.918|2149.739062976162|93.56762703992344
Generation 501|3|0.108|18|14.536|5024.719635813122|76.14207300768886
Generation 502|2|0.114|15|14.3|2149.739062976162|76.40827239901657
Generation 503|2|0.128|16|14.29|2149.739062976162|81.0883967010807
Generation 504|2|0.142|18|14.176|2149.739062976162|92.45469109388648
Generation 505|2|0.126|15|14.27|2149.739062976162|86.8931420949377
Generation 506|2|0.128|15|14.54|2149.739062976162|81.28034064342518
Generation 507|2|0.156|23|14.5|2149.739062976162|104.2849338508592
Generation 508|2|0.16|15|14.66|2149.739062976162|99.532379353541
Generation 509|3|0.138|15|14.616|5024.719635813122|102.49234319412957
Generation 510|2|0.122|15|14.656|2149.739062976162|83.0106191528277
Generation 511|2|0.132|15|14.712|2149.739062976162|88.00215566088879
Generation 512|3|0.166|100|14.796|5024.719635813122|116.58328557575217
Generation 513|2|0.146|15|14.684|2149.739062976162|99.50393129498866
Generation 514|2|0.15|15|14.59|2149.739062976162|101.40783765577187
Generation 515|2|0.118|15|14.744|2149.739062976162|78.81418741675
Generation 516|2|0.164|100|15.014|2149.739062976162|106.50533977889918
Generation 517|2|0.156|17|14.594|2149.739062976162|106.71422981088493
Generation 518|2|0.148|15|14.656|2149.739062976162|95.89838694357555
Generation 519|2|0.126|15|14.826|2149.739062976162|80.55228835075535
Generation 520|2|0.112|15|14.804|2149.739062976162|73.61976800688204
Generation 521|2|0.122|15|14.856|2149.8377997990897|80.89137107314495
Generation 522|2|0.166|15|14.816|2149.739062976162|114.10786519421876
Generation 523|3|0.142|15|14.86|5024.719635813122|97.85223287870863
Generation 524|2|0.17|15|14.902|2149.739062976162|107.01550016465747
Generation 525|3|0.136|15|14.904|5024.719635813122|97.21889377349706
Generation 526|2|0.11|15|14.812|2149.739062976162|72.64539470350739
Generation 527|3|0.118|15|14.848|5024.719635813122|85.97168546301026
Generation 528|2|0.116|15|14.81|2149.739062976162|75.6375549296833
Generation 529|2|0.122|15|14.846|2149.739062976162|87.74301466805125
Generation 530|2|0.148|15|14.764|2149.739062976162|93.7271163758171
Generation 531|2|0.112|15|14.806|2149.739062976162|75.91316102904122
Generation 532|2|0.14|15|14.764|2149.739062976162|89.75025748494913
Generation 533|2|0.15|15|14.848|2149.739062976162|103.90726648376419
Generation 534|2|0.128|15|14.788|2149.739062976162|86.0888708671891
Generation 535|2|0.146|15|14.854|2149.739062976162|97.3677770479114
Generation 536|2|0.156|15|14.756|2149.739062976162|104.56410214114592
Generation 537|2|0.146|15|14.822|2149.739062976162|99.62055446634314
Generation 538|2|0.128|15|14.814|2149.739062976162|83.86119311246733
Generation 539|2|0.144|15|14.832|2149.739062976162|98.63666372914665
Generation 540|2|0.126|15|14.862|2149.739062976162|87.44562207798829
Generation 541|2|0.142|15|14.802|2149.739062976162|97.63189903507212
Generation 542|2|0.126|15|14.754|2149.739062976162|87.3792911489953
Generation 543|2|0.134|15|14.86|2149.739062976162|91.43019688057835
Generation 544|1|0.132|15|14.638|511.42505421866946|81.08953596778146
Generation 545|2|0.15|15|14.716|2149.988999664993|99.23115323735894
Generation 546|2|0.148|15|14.728|2149.739062976162|91.38045088599658
Generation 547|2|0.124|15|14.768|2149.739062976162|81.80050051299911
Generation 548|3|0.168|15|14.876|5024.719635813122|117.60661801562696
Generation 549|3|0.138|15|14.744|5024.719635813122|91.21943285325808
Generation 550|2|0.128|15|14.802|2149.739062976162|81.56682778050936
Generation 551|2|0.118|15|14.75|2149.739062976162|83.38646030005792
Generation 552|2|0.14|15|14.654|2149.739062976162|87.3929804716569
Generation 553|3|0.16|15|14.716|5030.559363316634|115.81085803958482
Generation 554|2|0.138|100|14.802|2149.739062976162|88.80743722835003
Generation 555|3|0.162|15|14.67|5024.719635813122|105.3355581171684
Generation 556|2|0.138|100|14.958|2149.739062976162|93.495199533675
Generation 557|2|0.15|15|14.748|2149.739062976162|99.25943038426554
Generation 558|2|0.118|15|14.8|2149.739062976162|85.71447635837927
Generation 559|2|0.13|100|14.964|2149.739062976162|89.55278324630753
Generation 560|2|0.14|100|14.864|2149.739062976162|94.40509442771602
Generation 561|2|0.132|100|14.888|2149.739062976162|83.61767516459369
Generation 562|2|0.134|15|14.782|2149.739062976162|86.76964328342348
Generation 563|2|0.1|100|14.82|2149.739062976162|74.5432240632067
Generation 564|2|0.104|15|14.718|2149.476355007297|69.58593333267325
Generation 565|2|0.118|100|15.362|2149.739062976162|79.42009913710645
Generation 566|2|0.14|100|14.78|2149.739062976162|87.4797919794055
Generation 567|2|0.122|100|14.828|2149.739062976162|78.57812650210231
Generation 568|2|0.114|15|14.54|2149.739062976162|81.22090545267768
Generation 569|2|0.14|100|15.07|2149.739062976162|90.05929977622687
Generation 570|2|0.114|100|14.802|2149.739062976162|79.20265203010113
Generation 571|2|0.114|100|14.602|2149.986294709256|76.73938011927332
Generation 572|2|0.166|15|14.578|2149.964098556101|107.05246789014743
Generation 573|2|0.152|100|14.82|2149.739062976162|100.31310254522465
Generation 574|2|0.142|100|15.464|2149.739062976162|91.40758769579271
Generation 575|2|0.116|100|14.806|2149.739062976162|77.89486124591589
Generation 576|2|0.15|15|14.538|2149.739062976162|94.53065072478945
Generation 577|2|0.132|100|14.772|2149.739062976162|88.09325532459877
Generation 578|2|0.136|100|14.9|2149.739062976162|92.43220337165307
Generation 579|2|0.124|15|14.65|2149.739062976162|81.70793092818715
Generation 580|2|0.112|100|14.8|2149.739062976162|75.9173982581041
Generation 581|2|0.14|100|14.78|2149.739062976162|89.75906254716395
Generation 582|2|0.13|100|14.852|2149.739062976162|82.59639352734325
Generation 583|2|0.16|100|15.208|2149.739062976162|113.78459603904348
Generation 584|2|0.12|100|15.13|2149.739062976162|77.91656801018826
Generation 585|2|0.124|100|15.26|2149.739062976162|84.59216570844929
Generation 586|2|0.132|100|15.118|2149.739062976162|88.41897662350848
Generation 587|2|0.126|100|15.6|2149.739062976162|83.65306243456163
Generation 588|2|0.144|100|15.292|2149.739062976162|94.52444875497207
Generation 589|2|0.11|100|14.972|2149.739062976162|77.37128127314075
Generation 590|3|0.14|100|15.146|5024.719635813122|104.02167010762959
Generation 591|2|0.136|100|14.96|2149.739062976162|85.68292291825547
Generation 592|2|0.132|15|14.796|2149.739062976162|90.3813026032668
Generation 593|2|0.136|15|14.878|2149.739062976162|92.41587262017498
Generation 594|2|0.108|100|15.018|2149.739062976162|74.1282676260414
Generation 595|2|0.142|100|15.236|2149.739062976162|93.52531120232581
Generation 596|2|0.156|600|16.248|2149.739062976162|95.53705781248574
Generation 597|2|0.152|15|14.94|2149.739062976162|95.8331176695184
Generation 598|2|0.16|15|14.71|2149.739062976162|104.20840933586143
Generation 599|2|0.1|15|14.874|2149.739062976162|70.02196846027297
Generation 600|2|0.128|15|14.938|2149.739062976162|88.50495188732306
Generation 601|2|0.138|15|14.88|2149.739062976162|91.15207501950118
Generation 602|2|0.12|15|14.908|2149.739062976162|82.23425034955875
Generation 603|2|0.136|15|14.698|2149.739062976162|90.02784504334691
Generation 604|2|0.172|15|14.644|2149.739062976162|116.95963857658292
Generation 605|2|0.134|15|14.816|2149.739062976162|86.8315318613598
Generation 606|2|0.146|15|14.682|2149.739062976162|97.20521035893418
Generation 607|2|0.12|100|14.98|2149.986294709256|82.32609014962114
Generation 608|3|0.148|24|14.82|5024.719635813122|105.38034680619182
Generation 609|2|0.126|100|14.876|2149.739062976162|82.91344253958066
Generation 610|1|0.138|15|14.812|511.42505421866946|84.21157962369142
Generation 611|2|0.142|15|14.756|2149.739062976162|88.42864134517693
Generation 612|2|0.108|100|14.98|2149.739062976162|71.81652595275564
Generation 613|3|0.144|100|15.0|5024.719635813122|103.55072998077958
Generation 614|2|0.146|15|14.76|2149.739062976162|99.57637627223104
Generation 615|2|0.146|15|14.726|2149.739062976162|92.65504414926907
Generation 616|2|0.168|15|14.848|2149.739062976162|108.24480288565009
Generation 617|2|0.138|15|14.678|2149.739062976162|95.56283605212835
Generation 618|2|0.104|15|14.786|2149.739062976162|74.22120775289142
Generation 619|2|0.12|15|14.816|2149.739062976162|79.86680029612444
Generation 620|2|0.158|15|14.822|2149.739062976162|100.99690685535265
Generation 621|3|0.132|15|14.838|5024.719635813122|97.4605829402809
Generation 622|2|0.156|15|14.72|2149.739062976162|99.91881222905039
Generation 623|2|0.142|15|14.778|2149.739062976162|93.01392939801282
Generation 624|2|0.142|15|14.804|2149.739062976162|93.03145259295015
Generation 625|2|0.154|15|14.75|2149.913226044195|108.08415925960543
Generation 626|1|0.126|15|14.698|511.42505421866946|78.17241766192843
Generation 627|2|0.146|15|14.678|2149.739062976162|99.46437787650203
Generation 628|2|0.134|15|14.638|2149.739062976162|93.50250510510418
Generation 629|2|0.14|15|14.528|2149.964098556101|91.82191338604876
Generation 630|3|0.138|15|14.502|5024.719635813122|100.1081588599843
Generation 631|1|0.108|15|14.4|511.42505421866946|68.95285786147069
Generation 632|2|0.136|15|14.494|2149.739062976162|89.77779939538621
Generation 633|3|0.142|15|14.258|5024.719635813122|106.41378887017976
Generation 634|3|0.11|15|14.436|5024.719635813122|86.1686998867863
Generation 635|2|0.152|15|14.32|2149.739062976162|106.72327318918438
Generation 636|2|0.13|15|14.702|2149.739062976162|91.58188968586286
Generation 637|2|0.166|15|14.508|2149.739062976162|120.67276468099226
Generation 638|2|0.126|15|14.49|2149.739062976162|82.51496628341587
Generation 639|2|0.144|15|14.35|2149.988999664993|93.60963255951005
Generation 640|2|0.142|15|14.466|2149.739062976162|92.73150971425532
Generation 641|2|0.13|15|14.696|2149.739062976162|86.97814290258283
Generation 642|2|0.15|15|14.57|2149.739062976162|101.34088564991745
Generation 643|2|0.13|15|14.608|2149.739062976162|82.36398770602499
Generation 644|2|0.142|15|14.684|2149.739062976162|99.80358576867147
Generation 645|2|0.13|15|14.694|2149.739062976162|98.42975706524518
Generation 646|2|0.13|15|14.574|2149.739062976162|84.57905083831113
Generation 647|2|0.12|15|14.676|2149.739062976162|82.05866201529393
Generation 648|2|0.12|15|14.744|2149.739062976162|79.83503592091638
Generation 649|2|0.142|15|14.616|2149.739062976162|99.74467200228464
Generation 650|2|0.12|15|14.724|2149.739062976162|77.48600579076276
Generation 651|2|0.16|15|14.592|2149.739062976162|104.08950402390394
Generation 652|2|0.162|15|14.72|2149.8377997990897|116.60562455770506
Generation 653|1|0.142|15|14.612|511.42505421866946|86.04144321844825
Generation 654|2|0.124|15|14.804|2149.739062976162|81.84867710284024
Generation 655|2|0.128|15|14.826|2149.739062976162|88.4108417103719
Generation 656|2|0.15|100|15.07|2149.739062976162|97.24956866509604
Generation 657|2|0.158|100|14.92|2149.739062976162|110.24346543530372
Generation 658|2|0.142|15|14.726|2149.739062976162|97.56334961721329
Generation 659|2|0.112|15|14.768|2149.739062976162|75.86462413365463
Generation 660|2|0.172|15|14.71|2149.739062976162|116.97427075750994
Generation 661|2|0.118|100|14.96|2149.739062976162|81.32444213089033
Generation 662|2|0.168|15|14.652|2149.739062976162|114.94689189249719
Generation 663|2|0.132|15|14.742|2149.739062976162|90.32736688098926
Generation 664|2|0.116|100|15.052|2149.739062976162|82.68984834086429
Generation 665|3|0.138|15|14.788|5024.719635813122|95.80229672433482
Generation 666|3|0.122|15|14.764|5024.719635813122|90.1541630983167
Generation 667|2|0.152|15|14.696|2149.964098556101|97.93119352234866
Generation 668|2|0.136|15|14.62|2149.739062976162|89.90600193134807
Generation 669|2|0.158|15|14.684|2149.913226044195|103.18680249344413
Generation 670|2|0.152|15|14.682|2149.739062976162|97.9040710548121
Generation 671|2|0.15|100|14.698|2149.739062976162|101.540166802979
Generation 672|2|0.154|15|14.502|2149.739062976162|94.15266636123361
Generation 673|2|0.15|15|14.494|2149.964098556101|103.59839638748747
Generation 674|2|0.12|15|14.646|2149.739062976162|81.9881933182836
Generation 675|2|0.142|15|14.618|2149.739062976162|90.60004260354778
Generation 676|2|0.12|100|14.778|2149.739062976162|84.43581471878744
Generation 677|2|0.12|100|15.024|2149.964098556101|84.64137706181535
Generation 678|2|0.108|100|14.992|2149.739062976162|80.96527060179625
Generation 679|2|0.138|100|14.904|2149.739062976162|93.47119792940406
Generation 680|3|0.134|100|15.856|5024.719635813122|99.47857056256561
Generation 681|2|0.114|100|15.29|2149.739062976162|77.3954408100007
Generation 682|2|0.118|15|14.788|2149.739062976162|78.83666582608365
Generation 683|2|0.126|15|14.754|2149.739062976162|80.5148547270254
Generation 684|2|0.118|100|15.076|2149.739062976162|81.44044213089035
Generation 685|2|0.124|100|15.01|2149.739062976162|84.35893597382511
Generation 686|3|0.154|100|15.26|5024.719635813122|106.52962133230308
Generation 687|2|0.16|100|15.204|2149.739062976162|104.69357236966928
Generation 688|2|0.16|100|15.03|2149.739062976162|99.97062694302382
Generation 689|2|0.138|100|14.834|2149.964098556101|95.73245262062672
Generation 690|2|0.136|100|15.948|2149.739062976162|91.2441850249706
Generation 691|3|0.154|100|14.994|5024.719635813122|106.27519351814766
Generation 692|2|0.122|100|14.812|2149.739062976162|80.85454263279944
Generation 693|2|0.13|100|15.28|2149.739062976162|87.58106597645167
Generation 694|2|0.128|100|15.01|2149.739062976162|88.63909707930262
Generation 695|2|0.148|15|14.738|2149.739062976162|95.98223567777335
Generation 696|2|0.13|100|14.828|2149.739062976162|87.14145160603604
Generation 697|2|0.162|15|14.522|2149.739062976162|104.98761726850273
Generation 698|2|0.148|15|14.45|2149.739062976162|100.23556002798124
Generation 699|1|0.138|100|14.56|511.42505421866946|84.0123659331252
Generation 700|2|0.146|100|14.856|2149.739062976162|99.6734234047716
Generation 701|2|0.13|15|14.676|2149.739062976162|86.97619778068912
Generation 702|2|0.142|15|14.816|2149.739062976162|93.05377813221058
Generation 703|3|0.126|15|14.674|5024.719635813122|89.74680754829166
Generation 704|2|0.152|15|14.692|2149.986294709256|97.9444917400019
Generation 705|2|0.122|15|14.636|2149.739062976162|82.9931401267646
Generation 706|2|0.136|15|14.692|2149.739062976162|94.5718398901064
Generation 707|2|0.134|16|14.842|2149.739062976162|86.83498596641587
Generation 708|2|0.172|15|14.67|2149.739062976162|110.11269530110839
Generation 709|2|0.148|100|15.082|2149.964098556101|100.86633721211852
Generation 710|3|0.118|19|14.826|5024.719635813122|83.66170267916587
Generation 711|2|0.136|19|14.706|2149.739062976162|92.29082462602939
Generation 712|2|0.156|15|14.76|2149.964098556101|109.0869020733233
Generation 713|2|0.128|15|14.684|2149.739062976162|83.709097114956
Generation 714|2|0.136|15|14.71|2149.739062976162|92.27802360382404
Generation 715|2|0.164|100|14.982|2149.739062976162|113.28367424180071
Generation 716|2|0.14|15|14.774|2149.739062976162|98.87360546026764
Generation 717|2|0.114|15|14.618|2149.739062976162|81.29847410805303
Generation 718|2|0.112|100|14.824|2149.8377997990897|82.79245265392022
Generation 719|2|0.118|19|14.386|2149.739062976162|76.23064951363087
Generation 720|2|0.126|100|14.468|2149.964098556101|82.53058354946398
Generation 721|2|0.134|100|14.5|2149.964098556101|91.0909246751513
Generation 722|2|0.12|15|14.142|2149.739062976162|81.48047092408565
Generation 723|2|0.12|19|14.21|2149.964098556101|83.85390874498432
Generation 724|2|0.14|19|14.356|2149.739062976162|89.33130631056227
Generation 725|2|0.136|19|14.484|2149.739062976162|87.49353892013039
Generation 726|3|0.14|100|14.82|5024.719635813122|96.85372297709357
Generation 727|2|0.146|100|14.666|2149.739062976162|94.91945046794109
Generation 728|2|0.132|15|14.342|2149.739062976162|85.36613891847729
Generation 729|2|0.15|19|14.594|2149.739062976162|105.95843695180153
Generation 730|2|0.162|100|14.186|2149.739062976162|104.72584463235376
Generation 731|2|0.108|18|14.444|2149.739062976162|75.8202843684529
Generation 732|2|0.118|15|14.588|2149.476355007297|76.37974167665068
Generation 733|2|0.13|15|14.56|2149.739062976162|89.18144443655655
Generation 734|2|0.156|19|14.588|2149.964098556101|102.10014894400956
Generation 735|2|0.108|18|14.676|2149.739062976162|71.48072855029761
Generation 736|2|0.1|19|14.68|2149.739062976162|67.56651969840243
Generation 737|2|0.128|15|14.548|2149.739062976162|81.3054082587418
Generation 738|2|0.122|100|14.83|2149.739062976162|78.58587249548413
Generation 739|2|0.1|15|14.73|2149.739062976162|69.86292786206782
Generation 740|2|0.142|15|14.618|2149.739062976162|97.46500754950037
Generation 741|2|0.138|15|14.528|2149.739062976162|88.55138592716426
Generation 742|2|0.142|100|14.724|2149.964098556101|90.71034118861202
Generation 743|2|0.132|100|14.704|2149.739062976162|85.73802675374769
Generation 744|3|0.14|15|14.566|5024.719635813122|94.28785343530078
Generation 745|3|0.114|18|14.502|5024.719635813122|85.94180745017101
Generation 746|2|0.116|15|14.604|2149.739062976162|79.96520639286862
Generation 747|2|0.158|15|14.65|2149.739062976162|98.54566639055946
Generation 748|2|0.138|15|14.636|2149.739062976162|90.9229627965196
Generation 749|2|0.134|15|14.52|2149.739062976162|91.08383135984221
Generation 750|2|0.162|100|14.768|2149.739062976162|102.96078911047677
Generation 751|2|0.128|100|14.756|2149.739062976162|86.05602037602608
Generation 752|2|0.114|100|14.822|2149.739062976162|74.64327856290245
Generation 753|1|0.098|100|15.532|511.42505421866946|65.12751023870162
Generation 754|2|0.12|100|15.096|2149.739062976162|89.30009270967467
Generation 755|2|0.132|100|14.324|2149.739062976162|89.94048477953982
Generation 756|2|0.162|100|14.426|2149.964098556101|107.26169138473313
Generation 757|2|0.132|100|14.334|2149.739062976162|94.56062293518724
Generation 758|2|0.134|100|14.41|2149.739062976162|88.75246732298713
Generation 759|2|0.164|100|14.37|2149.964098556101|115.00398047353548
Generation 760|2|0.144|100|14.584|2149.739062976162|96.12369411927568
Generation 761|2|0.13|100|14.732|2149.739062976162|84.76574333428755
Generation 762|2|0.12|100|14.658|2149.739062976162|79.72999078269038
Generation 763|2|0.146|100|14.864|2149.739062976162|104.23112288937986
Generation 764|2|0.114|15|14.402|2149.739062976162|78.81678541756037
Generation 765|2|0.15|100|14.498|2149.739062976162|94.48661311155615
Generation 766|2|0.15|100|15.334|2149.739062976162|97.55740021175721
Generation 767|2|0.124|100|15.408|2149.739062976162|84.74393285652435
Generation 768|2|0.11|100|14.91|2149.739062976162|72.75376422745363
Generation 769|2|0.132|100|15.242|2149.739062976162|90.8495476276749
Generation 770|2|0.144|100|15.406|2149.739062976162|92.44321754327497
Generation 771|2|0.118|100|14.83|2149.739062976162|76.61634886845057
Generation 772|3|0.136|100|14.742|5024.719635813122|99.36318263184054
Generation 773|2|0.14|100|14.966|2149.739062976162|89.93192713497984
Generation 774|2|0.142|100|14.716|2149.739062976162|92.9706434321384
Generation 775|2|0.11|100|15.242|2149.739062976162|79.9241886155011
Generation 776|2|0.104|100|16.248|2149.739062976162|75.66971853894324
Generation 777|2|0.132|100|16.0|2149.739062976162|93.86356021324187
Generation 778|2|0.146|100|14.816|2149.739062976162|95.0428072442724
Generation 779|2|0.14|100|15.576|2149.739062976162|99.72597213483043
Generation 780|2|0.126|100|14.96|2149.739062976162|80.72450478433502
Generation 781|2|0.132|100|15.136|2149.739062976162|88.43715343988838
Generation 782|2|0.11|100|15.228|2149.739062976162|73.04066456374368
Generation 783|2|0.146|100|14.698|2149.739062976162|92.6409314356416
Generation 784|2|0.146|100|14.978|2149.739062976162|97.50116869063127
Generation 785|2|0.154|100|14.786|2149.739062976162|105.83003302439171
Generation 786|2|0.128|100|15.188|2149.739062976162|88.78483627786085
Generation 787|1|0.102|100|14.7|511.42505421866946|66.27007030709576
Generation 788|2|0.126|100|14.894|2149.739062976162|80.6256988320652
Generation 789|2|0.148|100|15.084|2149.739062976162|94.02959254075265
Generation 790|2|0.138|100|15.106|2149.739062976162|86.8243410072338
Generation 791|2|0.15|100|14.84|2149.739062976162|94.76769797626912
Generation 792|2|0.134|18|14.764|2149.739062976162|84.48192675623353
Generation 793|2|0.138|100|15.364|2149.739062976162|91.66909001151423
Generation 794|3|0.132|100|15.392|5024.719635813122|91.17026830365792
Generation 795|2|0.132|100|14.914|2149.8377997990897|95.08214212868111
Generation 796|2|0.162|100|15.08|2149.8377997990897|105.5517732941391
Generation 797|2|0.14|100|14.86|2149.739062976162|87.57945446032532
Generation 798|2|0.144|18|14.712|2149.739062976162|96.27530390408789
Generation 799|2|0.164|19|14.438|2149.739062976162|110.46697970105548
Generation 800|3|0.13|15|14.594|5030.559363316634|91.71204743382002
Generation 801|2|0.132|100|14.866|2149.739062976162|92.75574481900122
Generation 802|2|0.13|100|14.854|2149.739062976162|84.89934740698769
Generation 803|2|0.128|100|14.906|2149.739062976162|86.24269341574293
Generation 804|2|0.146|100|15.346|2149.739062976162|97.86048725379689
Generation 805|2|0.152|100|15.218|2149.739062976162|100.73227876234837
Generation 806|2|0.158|100|14.88|2149.739062976162|103.36608883076035
Generation 807|3|0.112|19|14.782|5024.719635813122|85.20573596628887
Generation 808|2|0.12|100|15.052|2149.739062976162|77.843954459023
Generation 809|2|0.136|100|15.192|2149.964098556101|88.20068995080477
Generation 810|2|0.146|100|14.96|2149.739062976162|102.08654328651083
Generation 811|2|0.13|100|14.914|2149.739062976162|87.2311513908145
Generation 812|2|0.128|15|14.758|2149.739062976162|83.78634678345838
Generation 813|2|0.164|19|14.776|2149.739062976162|103.94703654527204
Generation 814|3|0.152|100|15.324|5024.719635813122|107.85332360065406
Generation 815|2|0.124|100|14.986|2149.739062976162|84.30994767059869
Generation 816|2|0.146|100|15.062|2149.739062976162|97.60381038786852
Generation 817|2|0.164|15|14.796|2149.739062976162|101.66798077837235
Generation 818|2|0.13|100|14.858|2149.739062976162|87.14405172710453
Generation 819|2|0.15|15|14.524|2149.739062976162|99.02886890750594
Generation 820|2|0.098|19|14.4|2149.739062976162|68.54191269857303
Generation 821|2|0.142|100|14.516|2149.739062976162|92.76888300813818
Generation 822|2|0.13|100|14.846|2149.739062976162|87.14706597645167
Generation 823|2|0.16|100|14.816|2149.986294709256|104.32779330670056
Generation 824|2|0.154|15|14.394|2149.986294709256|105.4780156751057
Generation 825|2|0.134|100|14.516|2149.8377997990897|88.80096366697221
Generation 826|2|0.138|100|14.46|2149.986294709256|88.469603287275
Generation 827|2|0.14|15|14.508|2149.739062976162|94.08170210757953
Generation 828|2|0.176|15|14.516|2149.739062976162|111.90573851513261
Generation 829|3|0.174|15|14.45|5024.719635813122|120.19449669390174
Generation 830|2|0.1|15|14.592|2149.739062976162|67.47114416132068
Generation 831|2|0.124|15|14.542|2149.739062976162|90.74871181301968
Generation 832|2|0.114|15|14.542|2149.739062976162|76.60992211516908
Generation 833|2|0.13|19|14.494|2149.739062976162|86.79897480097338
Generation 834|2|0.136|15|14.518|2149.8377997990897|94.36927841808655
Generation 835|2|0.13|15|14.502|2149.739062976162|91.37462179460698
Generation 836|2|0.132|19|14.552|2149.739062976162|90.16189363084749
Generation 837|2|0.148|15|14.444|2149.739062976162|97.96738783236896
Generation 838|2|0.144|15|14.454|2149.8377997990897|100.57550056356835
Generation 839|2|0.148|19|14.474|2149.739062976162|93.43978357830865
Generation 840|3|0.132|19|14.52|5024.719635813122|92.56890859850373
Generation 841|2|0.154|16|14.434|2149.739062976162|103.2511506387912
Generation 842|2|0.158|15|14.688|2149.964098556101|103.1524129320381
Generation 843|2|0.126|17|14.66|2149.739062976162|80.42169212166652
Generation 844|2|0.112|100|14.51|2149.739062976162|75.63102050002196
Generation 845|2|0.13|19|14.462|2149.739062976162|84.4928847278806
Generation 846|2|0.142|15|14.526|2149.913226044195|99.65471111509177
Generation 847|2|0.144|15|14.472|2149.739062976162|105.14433607935989
Generation 848|2|0.132|19|14.668|2149.739062976162|85.68652380539575
Generation 849|3|0.126|15|14.526|5024.719635813122|91.89416353041292
Generation 850|2|0.132|19|14.642|2149.739062976162|83.36236026673373
Generation 851|2|0.158|15|14.426|2149.739062976162|105.20833935750214
Generation 852|2|0.118|17|14.638|2149.739062976162|76.42240950767236
Generation 853|2|0.148|15|14.694|2149.739062976162|91.3157307190444
Generation 854|2|0.146|15|14.694|2149.739062976162|94.92295564479387
Generation 855|2|0.156|15|14.674|2149.8377997990897|106.72117307351698
Generation 856|2|0.114|15|14.446|2149.739062976162|74.28525669614883
Generation 857|2|0.148|15|14.322|2149.739062976162|93.31616939763245
Generation 858|2|0.132|16|14.334|2149.739062976162|89.94459673586938
Generation 859|2|0.126|15|14.454|2149.739062976162|82.50454146062472
Generation 860|2|0.114|15|14.442|2149.739062976162|78.82960724449745
Generation 861|2|0.118|16|14.626|2149.739062976162|76.40771491100564
Generation 862|2|0.104|19|14.608|2149.739062976162|69.46092431116821
Generation 863|2|0.132|15|14.508|2149.739062976162|92.38583500068658
Generation 864|2|0.13|15|14.528|2149.739062976162|89.10556316242653
Generation 865|2|0.124|15|14.654|2149.739062976162|88.53053377299048
Generation 866|2|0.132|15|14.542|2149.739062976162|83.26626909125542
Generation 867|1|0.116|15|14.504|511.42505421866946|73.03549314964813
Generation 868|2|0.132|15|14.614|2149.739062976162|85.62404700033306
Generation 869|3|0.136|15|14.638|5024.719635813122|101.52687683309928
Generation 870|2|0.124|15|14.714|2149.739062976162|84.04637034022097
Generation 871|2|0.14|15|14.714|2149.739062976162|94.2822311314639
Generation 872|2|0.138|15|14.704|2149.739062976162|97.82664263820284
Generation 873|2|0.166|15|14.582|2149.739062976162|113.91199967696622
Generation 874|3|0.142|15|14.724|5024.719635813122|99.99449048868371
Generation 875|2|0.118|100|14.84|2149.986294709256|85.77143152127002
Generation 876|2|0.116|100|14.664|2149.739062976162|80.0415008469747
Generation 877|2|0.112|15|14.568|2149.739062976162|73.40072161700739
Generation 878|3|0.132|15|14.446|5024.719635813122|90.22978838218745
Generation 879|2|0.134|15|14.46|2149.739062976162|84.16607955312274
Generation 880|2|0.11|15|14.598|2149.739062976162|74.72198214477973
Generation 881|2|0.152|15|14.524|2149.8377997990897|97.72420747517471
Generation 882|2|0.118|15|14.648|2149.739062976162|76.42863297803402
Generation 883|2|0.16|100|14.89|2149.739062976162|108.89243729611911
Generation 884|3|0.15|100|15.14|5024.719635813122|106.68871072127963
Generation 885|2|0.148|100|14.864|2149.739062976162|100.69549972958842
Generation 886|2|0.144|15|14.666|2149.739062976162|93.90300426837558
Generation 887|2|0.14|15|14.614|2149.739062976162|91.89403197952004
Generation 888|2|0.146|15|14.686|2149.739062976162|97.2250751682161
Generation 889|2|0.126|15|14.668|2149.739062976162|82.69701986995837
Generation 890|3|0.148|15|14.57|5024.719635813122|107.4258703139842
Generation 891|2|0.142|15|14.64|2149.739062976162|97.4474852161681
Generation 892|3|0.12|15|14.776|5024.719635813122|84.57743452829833
Generation 893|2|0.152|15|14.656|2149.739062976162|100.16968799279721
Generation 894|2|0.142|15|14.61|2149.739062976162|90.62201009831085
Generation 895|2|0.114|15|14.762|2149.739062976162|76.87024836654146
Generation 896|2|0.16|15|14.612|2149.739062976162|106.38492629075583
Generation 897|2|0.144|15|14.738|2149.739062976162|89.40802889789876
Generation 898|2|0.132|15|14.716|2149.739062976162|83.43916782327449
Generation 899|1|0.112|100|14.794|511.42505421866946|71.32855807834538
Generation 900|2|0.148|17|14.688|2149.739062976162|102.76032009372084
Generation 901|2|0.124|15|14.818|2149.8377997990897|86.41577699973759
Generation 902|2|0.118|15|14.844|2149.739062976162|81.18692054022398
Generation 903|2|0.106|15|14.676|2149.739062976162|72.80499559064766
Generation 904|2|0.15|15|14.732|2149.739062976162|106.08858752165735
Generation 905|2|0.136|15|14.846|2149.739062976162|90.09242546257542
Generation 906|2|0.126|15|14.734|2149.739062976162|87.35152929823904
Generation 907|2|0.142|100|14.878|2149.739062976162|97.71086149591576
Generation 908|3|0.172|100|14.892|5024.719635813122|117.35244754367473
Generation 909|3|0.134|15|14.756|5024.719635813122|100.6647348953991
Generation 910|2|0.142|15|14.642|2149.739062976162|99.7773605679553
Generation 911|2|0.176|15|14.608|2149.739062976162|114.31355131107935
Generation 912|2|0.166|15|14.666|2149.739062976162|114.00557775000983
Generation 913|1|0.134|15|14.568|511.42505421866946|81.9916720420932
Generation 914|2|0.116|15|14.59|2149.739062976162|75.37612972671289
Generation 915|2|0.148|15|14.744|2149.739062976162|93.66950937078796
Generation 916|2|0.158|15|14.632|2149.739062976162|100.82753621778133
Generation 917|2|0.132|15|14.592|2149.739062976162|87.89063246595148
Generation 918|3|0.13|15|14.592|5024.719635813122|93.97632247773177
Generation 919|2|0.132|15|14.746|2149.739062976162|83.50346135719977
Generation 920|2|0.138|15|14.686|2149.739062976162|86.41269133996776
Generation 921|2|0.122|15|14.772|2149.739062976162|80.8202386504488
Generation 922|2|0.154|15|14.622|2149.739062976162|101.13371295696483
Generation 923|2|0.114|15|14.664|2149.913226044195|74.47496644145544
Generation 924|2|0.126|15|14.692|2149.739062976162|94.15161570390644
Generation 925|3|0.138|15|14.646|5024.719635813122|93.38379953835998
Generation 926|2|0.15|15|14.766|2149.739062976162|96.98795269040947
Generation 927|2|0.134|15|14.63|2149.739062976162|88.9279593794515
Generation 928|1|0.12|15|14.616|511.42505421866946|75.11374947235149
Generation 929|2|0.156|100|14.892|2149.739062976162|116.10708211934657
Generation 930|3|0.154|100|14.836|5024.719635813122|112.92271943474408
Generation 931|2|0.156|15|14.676|2149.8377997990897|109.01856554677829
Generation 932|2|0.154|100|14.804|2149.739062976162|105.83383283536672
Generation 933|2|0.12|19|14.6|2149.739062976162|84.22858210083717
Generation 934|2|0.136|15|14.36|2149.8377997990897|91.95746978306447
Generation 935|2|0.144|15|14.402|2149.739062976162|98.20033532460543
Generation 936|2|0.13|15|14.642|2149.8377997990897|86.93481718129138
Generation 937|2|0.148|15|14.626|2149.739062976162|98.12210636660026
Generation 938|2|0.144|15|14.644|2149.739062976162|91.59067084589441
Generation 939|3|0.14|15|14.638|5024.719635813122|94.39036130628806
Generation 940|2|0.122|15|14.692|2149.8377997990897|85.31307294488484
Generation 941|2|0.128|15|14.688|2149.739062976162|86.01907830266141
Generation 942|2|0.13|15|14.788|2149.739062976162|91.64005670990073
Generation 943|2|0.14|15|14.914|2149.739062976162|92.15149471275046
Generation 944|2|0.156|15|14.698|2149.739062976162|109.08860160286044
Generation 945|3|0.142|15|14.792|5024.719635813122|100.12591356603617
Generation 946|2|0.158|15|14.714|2149.739062976162|112.33671947460972
Generation 947|2|0.178|15|14.74|2149.739062976162|113.12739396836612
Generation 948|2|0.104|17|14.778|2149.739062976162|71.89722171018533
Generation 949|2|0.148|15|14.72|2149.739062976162|100.52722638066838
Generation 950|2|0.12|15|14.754|2149.739062976162|77.53857451396966
Generation 951|2|0.126|15|14.744|2149.739062976162|87.34738324465442
Generation 952|2|0.124|15|14.704|2149.739062976162|84.06180075540902
Generation 953|3|0.124|15|14.722|5024.719635813122|93.4020449411786
Generation 954|2|0.13|15|14.758|2149.739062976162|84.77152764337382
Generation 955|2|0.148|15|14.672|2149.739062976162|91.35220015872063
Generation 956|2|0.158|15|14.786|2149.8377997990897|112.41653206133711
Generation 957|2|0.11|19|14.812|2149.739062976162|77.20847371659998
Generation 958|2|0.148|19|14.722|2149.739062976162|95.98134055370092
Generation 959|2|0.142|15|14.664|2149.739062976162|92.93097492628239
Generation 960|2|0.128|100|14.888|2149.739062976162|88.47937166111062
Generation 961|2|0.128|100|14.782|2149.739062976162|88.4130787619199
Generation 962|2|0.136|15|14.896|2149.739062976162|96.99317510362926
Generation 963|2|0.128|19|14.922|2149.739062976162|88.47951857630026
Generation 964|2|0.124|15|14.868|2149.739062976162|84.19194767059867
Generation 965|2|0.166|15|14.804|2149.739062976162|116.37030460625256
Generation 966|2|0.154|100|15.08|2149.739062976162|108.45390124734261
Generation 967|2|0.144|100|14.934|2149.739062976162|98.74857398042441
Generation 968|3|0.156|15|14.718|5024.719635813122|111.75531037829813
Generation 969|2|0.146|15|14.844|2149.739062976162|104.20754880773885
Generation 970|2|0.122|100|15.02|2149.739062976162|81.08636586544343
Generation 971|2|0.122|15|14.88|2149.739062976162|83.19614395203598
Generation 972|2|0.158|15|14.678|2149.739062976162|105.4341381897206
Generation 973|2|0.132|15|14.742|2149.739062976162|94.88029762875266
Generation 974|2|0.114|100|14.984|2149.739062976162|77.05214337378615
Generation 975|2|0.122|15|14.814|2149.739062976162|78.60097215919409
Generation 976|3|0.136|15|14.756|5024.719635813122|97.08898347989668
Generation 977|2|0.144|15|14.77|2149.739062976162|94.03492606661001
Generation 978|2|0.148|100|14.798|2149.739062976162|98.35583460775038
Generation 979|2|0.128|100|15.14|2149.739062976162|86.46512247153562
Generation 980|2|0.142|15|14.736|2149.739062976162|88.43995004863017
Generation 981|2|0.12|15|14.874|2149.739062976162|86.78213402335739
Generation 982|1|0.144|100|14.894|511.42505421866946|87.27759183280182
Generation 983|3|0.158|15|14.728|5024.719635813122|117.14444248374662
Generation 984|3|0.13|15|14.802|5024.719635813122|94.16810240310657
Generation 985|2|0.156|15|14.716|2149.739062976162|104.48982068463305
Generation 986|2|0.132|100|15.304|2149.476355007297|84.04135947248938
Generation 987|3|0.156|100|15.566|5024.719635813122|107.81547030217958
Generation 988|3|0.154|15|14.744|5024.719635813122|113.05856961450671
Generation 989|2|0.13|100|15.014|2149.739062976162|85.03319689189573
Generation 990|1|0.102|100|14.942|511.42505421866946|66.50078594549232
Generation 991|2|0.116|100|15.254|2149.739062976162|85.20091180221081
Generation 992|2|0.13|100|15.466|2149.739062976162|99.19595552183992
Generation 993|2|0.114|100|14.992|2149.986294709256|81.68339991614386
Generation 994|2|0.136|100|14.888|2149.739062976162|87.91255316947756
Generation 995|2|0.134|18|14.7|2149.739062976162|91.26638834632209
Generation 996|2|0.134|15|14.7|2149.739062976162|91.29678207413282
Generation 997|2|0.128|100|14.988|2149.739062976162|88.59071015815445
Generation 998|2|0.138|100|14.878|2149.739062976162|88.89605946775508
Generation 999|2|0.134|15|14.766|2149.739062976162|84.5111175954218
